# 934202a02:26f0:105:28e::/68
id[1458464529 2325192261 3557623040 2063286416 1928204982 3930747325 2997887498 2755885931 ]
id[1458464529 2325192261 3557623040 2063286416 1928204982 3930747325 2997887498 2755885931 ]
# 934122a02:26f0:105:285::/68
id[2249646705 4061742288 629782747 4109052688 3453349918 3019406317 2226298000 4150872245 ]
id[2249646705 4061742288 629782747 4109052688 3453349918 3019406317 2226298000 4150872245 ]
# 934142a02:26f0:105:287::/68
id[1868788985 1501586453 3922517203 3032943966 3620735979 3604828441 3950279826 2259002717 ]
id[1868788985 1501586453 3922517203 3032943966 3620735979 3604828441 3950279826 2259002717 ]
# 934212a02:26f0:10:180::/68
id[95479734 3077462451 3956441104 1945139160 2543740590 2957379160 300593284 2371049882 ]
id[95479734 3077462451 3956441104 1945139160 2543740590 2957379160 300593284 2371049882 ]
# 934092a02:26f0:105:280::/68
id[2178564647 3062644545 1914816396 3766938973 3350584992 1748955535 2907168859 1569957209 ]
id[2178564647 3062644545 1914816396 3766938973 3350584992 1748955535 2907168859 1569957209 ]
# 934392a02:26f0:10:192::/68
id[1886199292 1452293203 3202231797 3217151356 9762885 2578937878 878842899 2620639013 ]
id[1886199292 1452293203 3202231797 3217151356 9762885 2578937878 878842899 2620639013 ]
# 934382a02:26f0:10:191::/68
id[326747986 3725192253 3938729514 388712441 3401659660 1005989546 521407832 3124316760 ]
id[326747986 3725192253 3938729514 388712441 3401659660 1005989546 521407832 3124316760 ]
# 934182a02:26f0:105:28b::/68
id[3649286599 111158945 3508829233 914353800 202399856 4163554599 598401866 1142707121 ]
id[3649286599 111158945 3508829233 914353800 202399856 4163554599 598401866 1142707121 ]
# 934402a02:26f0:10:193::/68
id[2974558072 2694422455 1863974137 4055486897 4084018113 219227371 2876124057 920056453 ]
id[2974558072 2694422455 1863974137 4055486897 4084018113 219227371 2876124057 920056453 ]
# 934222a02:26f0:10:181::/68
id[1355209198 756233321 2725949125 1431664737 2569769076 675771799 3552606629 662950942 ]
id[1355209198 756233321 2725949125 1431664737 2569769076 675771799 3552606629 662950942 ]
# 934312a02:26f0:10:18a::/68
id[2966345947 2793816464 3569785994 200009113 2114966218 3763577016 2529970150 2005845213 ]
id[2966345947 2793816464 3569785994 200009113 2114966218 3763577016 2529970150 2005845213 ]
# 933772a02:2350:5:103:b000::/68
id[2752177301 125693802 3999115558 3539970214 624750814 487969741 3087234619 2716419947 ]
id[2752177301 125693802 3999115558 3539970214 624750814 487969741 3087234619 2716419947 ]
# 934272a02:26f0:10:186::/68
id[5283164 1606856707 1029530606 3373557866 2722137299 1955651679 291577435 3209128366 ]
id[5283164 1606856707 1029530606 3373557866 2722137299 1955651679 291577435 3209128366 ]
# 934782a02:26f0:10:2a4::/68
id[2464777733 2664164129 287389274 1233667482 3110910913 164052483 1688156093 1139345696 ]
id[2464777733 2664164129 287389274 1233667482 3110910913 164052483 1688156093 1139345696 ]
# 934942a02:26f0:10:389::/68
id[3038075837 3236329586 3415711860 3240154260 2424821051 3667337232 2821411131 2802818385 ]
id[3038075837 3236329586 3415711860 3240154260 2424821051 3667337232 2821411131 2802818385 ]
# 934992a02:26f0:10:38e::/68
id[1919698354 2797311325 633670783 3218284219 543642215 3127146205 3448900566 4007478644 ]
id[1919698354 2797311325 633670783 3218284219 543642215 3127146205 3448900566 4007478644 ]
# 934552a02:26f0:10:28d::/68
id[1899987827 3460787557 484252875 3271902722 3530414218 1788331070 2195937338 1990587130 ]
id[1899987827 3460787557 484252875 3271902722 3530414218 1788331070 2195937338 1990587130 ]
# 934882a02:26f0:10:383::/68
id[3041279935 4044428867 2230979362 2223367843 1894606276 618001464 4177708885 480793852 ]
id[3041279935 4044428867 2230979362 2223367843 1894606276 618001464 4177708885 480793852 ]
# 934602a02:26f0:10:292::/68
id[1747295086 3440029924 1854827924 2909432161 899259638 1991329408 2007373474 3844556045 ]
id[1747295086 3440029924 1854827924 2909432161 899259638 1991329408 2007373474 3844556045 ]
# 934672a02:26f0:10:299::/68
id[2629845881 2601185805 1160363075 2842415046 3469901263 971164996 1839581601 4245120635 ]
id[2629845881 2601185805 1160363075 2842415046 3469901263 971164996 1839581601 4245120635 ]
# 934912a02:26f0:10:386::/68
id[4277380857 4074049965 1631265298 2947597355 1505181904 1105309071 1549002935 578237165 ]
id[4277380857 4074049965 1631265298 2947597355 1505181904 1105309071 1549002935 578237165 ]
# 934442a02:26f0:10:197::/68
id[1319823336 3847574626 1861309361 448392602 2862660736 1492632944 1616157266 2821374766 ]
id[1319823336 3847574626 1861309361 448392602 2862660736 1492632944 1616157266 2821374766 ]
# 934682a02:26f0:10:29a::/68
id[430012127 1942025686 2854697578 1009801549 2713701561 101278334 1543090340 3458146670 ]
id[430012127 1942025686 2854697578 1009801549 2713701561 101278334 1543090340 3458146670 ]
# 934472a02:26f0:10:19a::/68
id[49822987 4194479829 2169215915 2266731170 3483682893 984992749 3964766183 38279854 ]
id[49822987 4194479829 2169215915 2266731170 3483682893 984992749 3964766183 38279854 ]
# 934732a02:26f0:10:29f::/68
id[3606525347 1140457051 690160758 3512032647 3906649269 3088893733 1558835860 813352318 ]
id[3606525347 1140457051 690160758 3512032647 3906649269 3088893733 1558835860 813352318 ]
# 934422a02:26f0:10:195::/68
id[29144601 70663442 2873605338 4114714235 4172446888 1321391619 419409701 2812804485 ]
id[29144601 70663442 2873605338 4114714235 4172446888 1321391619 419409701 2812804485 ]
# 934852a02:26f0:10:380::/68
id[2764263933 3052883288 3004159247 1048107044 731780246 3140258081 1780642163 3626961702 ]
id[2764263933 3052883288 3004159247 1048107044 731780246 3140258081 1780642163 3626961702 ]
# 934802a02:26f0:10:2a6::/68
id[1018097575 4176128693 540628999 427558128 1018853841 2010280134 3698499414 3228262924 ]
id[1018097575 4176128693 540628999 427558128 1018853841 2010280134 3698499414 3228262924 ]
# 934662a02:26f0:10:298::/68
id[1111826084 2178516660 2676909834 3225690183 2177040251 3525060600 1926148625 2544493813 ]
id[1111826084 2178516660 2676909834 3225690183 2177040251 3525060600 1926148625 2544493813 ]
# 935132a02:26f0:10:39c::/68
id[1832792214 1768887967 1674164361 4047714049 810303509 3048005911 3718797427 450462111 ]
id[1832792214 1768887967 1674164361 4047714049 810303509 3048005911 3718797427 450462111 ]
# 935272a02:26f0:10:488::/68
id[2968381393 3132354794 1480099087 2236649152 2409351856 3301564008 2071959719 534800004 ]
id[2968381393 3132354794 1480099087 2236649152 2409351856 3301564008 2071959719 534800004 ]
# 935562a02:26f0:10c:292::/68
id[408962532 4267501871 1113099268 4078234294 1939925888 1683589524 2256590384 2301665520 ]
id[408962532 4267501871 1113099268 4078234294 1939925888 1683589524 2256590384 2301665520 ]
# 935572a02:26f0:10c:296::/68
id[3252121722 380608483 4218555004 3614687117 3329578599 544659800 479722108 2472532897 ]
id[3252121722 380608483 4218555004 3614687117 3329578599 544659800 479722108 2472532897 ]
# 935322a02:26f0:10:490::/68
id[3335755061 1059264500 214555388 2288179888 962713285 2072968635 2156893418 3472867062 ]
id[3335755061 1059264500 214555388 2288179888 962713285 2072968635 2156893418 3472867062 ]
# 935402a02:26f0:10:49f::/68
id[149216869 2069701262 620330809 1553217653 2687874475 3872704840 3183174203 4085205993 ]
id[149216869 2069701262 620330809 1553217653 2687874475 3872704840 3183174203 4085205993 ]
# 935422a02:26f0:10:4a2::/68
id[3783253475 3862300861 2917940882 759690880 381425083 1050197449 231479034 3525739194 ]
id[3783253475 3862300861 2917940882 759690880 381425083 1050197449 231479034 3525739194 ]
# 935492a02:26f0:10c:286::/68
id[14997282 3803308456 1150176776 2038939059 2539297134 3307030268 2415964714 1476165773 ]
id[14997282 3803308456 1150176776 2038939059 2539297134 3307030268 2415964714 1476165773 ]
# 935182a02:26f0:10:3a1::/68
id[906458677 2283590471 1746598461 2618912123 2062176371 4256691135 4247228061 3188795161 ]
id[906458677 2283590471 1746598461 2618912123 2062176371 4256691135 4247228061 3188795161 ]
# 935372a02:26f0:10:499::/68
id[1015950008 220885629 1961604476 1630317259 549707362 3308137027 3488426106 3117938484 ]
id[1015950008 220885629 1961604476 1630317259 549707362 3308137027 3488426106 3117938484 ]
# 935622a02:26f0:10c:29f::/68
id[682706724 3099655154 612596207 103898522 4232708508 1451195526 634480925 1081635513 ]
id[682706724 3099655154 612596207 103898522 4232708508 1451195526 634480925 1081635513 ]
# 935462a02:26f0:10c:281::/68
id[380265442 3387569850 1779630449 3983731923 2351434881 3686035376 169673384 613418878 ]
id[380265442 3387569850 1779630449 3983731923 2351434881 3686035376 169673384 613418878 ]
# 935412a02:26f0:10:4a0::/68
id[666484911 2425723140 3620141549 3104731229 4285519228 1103746870 4218261803 777261391 ]
id[666484911 2425723140 3620141549 3104731229 4285519228 1103746870 4218261803 777261391 ]
# 935092a02:26f0:10:398::/68
id[372441514 1378875291 4026033506 2323612842 1222684010 4255995398 4170004919 1098481308 ]
id[372441514 1378875291 4026033506 2323612842 1222684010 4255995398 4170004919 1098481308 ]
# 935122a02:26f0:10:39b::/68
id[453953910 837821024 699837084 2131777747 1565621970 1362641893 3054662168 3314295243 ]
id[453953910 837821024 699837084 2131777747 1565621970 1362641893 3054662168 3314295243 ]
# 935152a02:26f0:10:39e::/68
id[4088608288 3537350361 1307902531 2643267859 208041168 2750363802 1711706503 3559463282 ]
id[4088608288 3537350361 1307902531 2643267859 208041168 2750363802 1711706503 3559463282 ]
# 935432a02:26f0:10:4a3::/68
id[3127937661 3908664893 391996609 3880989162 3207689474 590208845 2788345728 1605196044 ]
id[3127937661 3908664893 391996609 3880989162 3207689474 590208845 2788345728 1605196044 ]
# 935682a02:26f0:10c:386::/68
id[2777711481 4239971432 1374849754 1448599692 666778986 3898739012 4087415286 2961319909 ]
id[2777711481 4239971432 1374849754 1448599692 666778986 3898739012 4087415286 2961319909 ]
# 935632a02:26f0:10c:2a1::/68
id[2393139719 1001835503 1053196666 2491802391 2693534014 2654762056 342326499 2364563904 ]
id[2393139719 1001835503 1053196666 2491802391 2693534014 2654762056 342326499 2364563904 ]
# 935782a02:26f0:12d:180::/68
id[1773667713 392457371 3741753451 902240375 281373699 3496074077 3278872685 4259270073 ]
id[1773667713 392457371 3741753451 902240375 281373699 3496074077 3278872685 4259270073 ]
# 935892a02:26f0:12d:18b::/68
id[731071674 3030067119 3494637906 4262224723 3557502479 2138432158 755702247 205272794 ]
id[731071674 3030067119 3494637906 4262224723 3557502479 2138432158 755702247 205272794 ]
# 935922a02:26f0:12d:18e::/68
id[1920848100 1306187569 1562855446 230698796 3306541994 1394422139 4025547825 3177403146 ]
id[1920848100 1306187569 1562855446 230698796 3306541994 1394422139 4025547825 3177403146 ]
# 935932a02:26f0:12d:18f::/68
id[414382503 2107218304 2578329898 3722005158 2958713398 3389332987 2051651337 193717941 ]
id[414382503 2107218304 2578329898 3722005158 2958713398 3389332987 2051651337 193717941 ]
# 936072a02:26f0:12d:19d::/68
id[1553892380 3400903325 784404917 1205323364 1783011180 4140533803 71614162 572106275 ]
id[1553892380 3400903325 784404917 1205323364 1783011180 4140533803 71614162 572106275 ]
# 935702a02:26f0:10c:38c::/68
id[2439000799 1729507752 1478959027 468697874 2632065177 1283012967 685170822 2474099120 ]
id[2439000799 1729507752 1478959027 468697874 2632065177 1283012967 685170822 2474099120 ]
# 935712a02:26f0:10c:38e::/68
id[1959420517 2566553601 89592535 3333499963 2484150441 1660606453 293045983 4166070017 ]
id[1959420517 2566553601 89592535 3333499963 2484150441 1660606453 293045983 4166070017 ]
# 936202a02:26f0:12d:1aa::/68
id[3013695779 3465849129 2190941969 3458238600 2724006247 667788735 3419542587 106761479 ]
id[3013695779 3465849129 2190941969 3458238600 2724006247 667788735 3419542587 106761479 ]
# 936092a02:26f0:12d:19f::/68
id[1890579 3085774112 13713986 274786960 3627297546 200700941 2396506699 2874013464 ]
id[1890579 3085774112 13713986 274786960 3627297546 200700941 2396506699 2874013464 ]
# 935742a02:26f0:10c:397::/68
id[4217793114 2638607521 2516195850 3493483708 1023360325 3436483871 4065521486 1027620644 ]
id[4217793114 2638607521 2516195850 3493483708 1023360325 3436483871 4065521486 1027620644 ]
# 935912a02:26f0:12d:18d::/68
id[4036508424 4181371005 4093611113 4000403932 710030939 2993902642 3310777434 4089058462 ]
id[4036508424 4181371005 4093611113 4000403932 710030939 2993902642 3310777434 4089058462 ]
# 936272a02:26f0:12d:1b1::/68
id[1803750438 2448676569 2184793219 4236016864 4032844158 1456463502 3106158088 1289955167 ]
id[1803750438 2448676569 2184793219 4236016864 4032844158 1456463502 3106158088 1289955167 ]
# 935762a02:26f0:10c:39b::/68
id[604379591 1519210300 2871377942 2524697162 1810680575 4284825108 3654363079 3011248110 ]
id[604379591 1519210300 2871377942 2524697162 1810680575 4284825108 3654363079 3011248110 ]
# 936132a02:26f0:12d:1a3::/68
id[1272063936 529901013 2612475001 1493196006 980471383 1626615116 2236210807 4141096158 ]
id[1272063936 529901013 2612475001 1493196006 980471383 1626615116 2236210807 4141096158 ]
# 936102a02:26f0:12d:1a0::/68
id[1353525663 2276715752 3933541424 1700617332 329904975 2319097242 2211173502 241177969 ]
id[1353525663 2276715752 3933541424 1700617332 329904975 2319097242 2211173502 241177969 ]
# 936322a02:26f0:12d:1b6::/68
id[3453455570 3639197198 2983204249 52160457 218026109 3814330002 1747852773 2740854403 ]
id[3453455570 3639197198 2983204249 52160457 218026109 3814330002 1747852773 2740854403 ]
# 936302a02:26f0:12d:1b4::/68
id[1058970424 2807571830 491480818 1233891990 448491149 3354636814 540439485 213978864 ]
id[1058970424 2807571830 491480818 1233891990 448491149 3354636814 540439485 213978864 ]
# 936492a02:26f0:12d:287::/68
id[944206235 1757077042 729632473 3024240851 829259747 34687056 1274120108 2889980501 ]
id[944206235 1757077042 729632473 3024240851 829259747 34687056 1274120108 2889980501 ]
# 936352a02:26f0:12d:1b9::/68
id[1210076641 4093680264 2740587926 3368944923 2524015815 1431294547 2612505398 3042985254 ]
id[1210076641 4093680264 2740587926 3368944923 2524015815 1431294547 2612505398 3042985254 ]
# 936612a02:26f0:12d:293::/68
id[4122964748 4178267485 209837333 3723213 1651205503 1135971741 1066590306 3581552479 ]
id[4122964748 4178267485 209837333 3723213 1651205503 1135971741 1066590306 3581552479 ]
# 936722a02:26f0:12d:29e::/68
id[535699731 3971277731 1154681040 2573879897 2664162271 3655121922 1788103420 161757251 ]
id[535699731 3971277731 1154681040 2573879897 2664162271 3655121922 1788103420 161757251 ]
# 936822a02:26f0:12d:388::/68
id[1571824882 2549730682 74443838 1904552661 236228202 484216571 3328341174 212692766 ]
id[1571824882 2549730682 74443838 1904552661 236228202 484216571 3328341174 212692766 ]
# 936912a02:26f0:12d:391::/68
id[2510978990 560576144 84415139 719121465 561115304 423921250 2407567071 2458321019 ]
id[2510978990 560576144 84415139 719121465 561115304 423921250 2407567071 2458321019 ]
# 936882a02:26f0:12d:38e::/68
id[2698126167 2473086479 3755710606 2800650743 1375398936 2732823518 4077660414 1685917215 ]
id[2698126167 2473086479 3755710606 2800650743 1375398936 2732823518 4077660414 1685917215 ]
# 936662a02:26f0:12d:298::/68
id[1465313326 3431444711 123622172 3960323715 2635561242 1820028823 959149815 119217925 ]
id[1465313326 3431444711 123622172 3960323715 2635561242 1820028823 959149815 119217925 ]
# 936832a02:26f0:12d:389::/68
id[1645803130 4024037694 2849543057 46011948 1982251423 3132336478 4238315862 3380768447 ]
id[1645803130 4024037694 2849543057 46011948 1982251423 3132336478 4238315862 3380768447 ]
# 936962a02:26f0:12d:396::/68
id[3257252548 3900916918 2762487369 844706385 3103857779 525409197 3671033994 828595101 ]
id[3257252548 3900916918 2762487369 844706385 3103857779 525409197 3671033994 828595101 ]
# 936622a02:26f0:12d:294::/68
id[3081806687 1036241073 4152505295 2336316592 3607063196 2249886158 4081133656 3019926653 ]
id[3081806687 1036241073 4152505295 2336316592 3607063196 2249886158 4081133656 3019926653 ]
# 936682a02:26f0:12d:29a::/68
id[2183871121 2480996222 2793754781 521100117 2225029423 364636825 3803545283 2398949893 ]
id[2183871121 2480996222 2793754781 521100117 2225029423 364636825 3803545283 2398949893 ]
# 936372a02:26f0:12d:1bb::/68
id[275806429 3055736294 711405577 912151529 2714183780 40906131 230601879 1057289476 ]
id[275806429 3055736294 711405577 912151529 2714183780 40906131 230601879 1057289476 ]
# 937112a02:26f0:12d:3a5::/68
id[1168811696 317556041 3473473953 3706524673 1685658451 2483831653 2999098292 3734246221 ]
id[1168811696 317556041 3473473953 3706524673 1685658451 2483831653 2999098292 3734246221 ]
# 937012a02:26f0:12d:39b::/68
id[279372241 1785271495 3857873115 5772842 980602372 1923157959 2776073686 1511773969 ]
id[279372241 1785271495 3857873115 5772842 980602372 1923157959 2776073686 1511773969 ]
# 937052a02:26f0:12d:39f::/68
id[2583329952 1304177071 1510191772 4238552832 3349655914 2468046745 4284176919 3421566026 ]
id[2583329952 1304177071 1510191772 4238552832 3349655914 2468046745 4284176919 3421566026 ]
# 937282a02:26f0:1700:783::/68
id[2393496671 1083160248 161584941 2734559368 2220348751 1374597101 1647192709 3198414410 ]
id[2393496671 1083160248 161584941 2734559368 2220348751 1374597101 1647192709 3198414410 ]
# 937502a02:26f0:61:19b::/68
id[4121009085 2653978436 2995064496 3292865599 2197624402 1380411635 2648381112 817323249 ]
id[4121009085 2653978436 2995064496 3292865599 2197624402 1380411635 2648381112 817323249 ]
# 937562a02:26f0:64:181::/68
id[3201855833 3510020204 1968086204 1260912230 1205883400 466678679 710381766 2127336327 ]
id[3201855833 3510020204 1968086204 1260912230 1205883400 466678679 710381766 2127336327 ]
# 937402a02:26f0:61:186::/68
id[2607110801 3554206655 1970313932 3282412978 1450087160 3167527250 3325156054 3001472396 ]
id[2607110801 3554206655 1970313932 3282412978 1450087160 3167527250 3325156054 3001472396 ]
# 936972a02:26f0:12d:397::/68
id[1271677622 3750052259 383370242 3609033529 3239947428 2113702881 1193075203 3303921089 ]
id[1271677622 3750052259 383370242 3609033529 3239947428 2113702881 1193075203 3303921089 ]
# 937062a02:26f0:12d:3a0::/68
id[3878841622 130094126 911454837 2880722528 1327932807 2106448841 1411483952 509510949 ]
id[3878841622 130094126 911454837 2880722528 1327932807 2106448841 1411483952 509510949 ]
# 937542a02:26f0:61:1a3::/68
id[1615472031 2858070257 3191694770 1983854340 961990433 2516775642 2979057114 3049541270 ]
id[1615472031 2858070257 3191694770 1983854340 961990433 2516775642 2979057114 3049541270 ]
# 937372a02:26f0:1700:79a::/68
id[249482204 3798400100 1699703107 3178745751 2012018047 1802371515 3978639823 2432579978 ]
id[249482204 3798400100 1699703107 3178745751 2012018047 1802371515 3978639823 2432579978 ]
# 937162a02:26f0:12d:3aa::/68
id[4292331679 871832700 4153378936 448272172 1367006896 2492928899 3150688913 125416398 ]
id[4292331679 871832700 4153378936 448272172 1367006896 2492928899 3150688913 125416398 ]
# 937802a02:26f0:64:199::/68
id[2580110464 2609240675 5813553 4121854894 4086586724 2063476252 368196980 252511672 ]
id[2580110464 2609240675 5813553 4121854894 4086586724 2063476252 368196980 252511672 ]
# 938132a02:26f0:64:1ba::/68
id[150572148 1572930831 2104687389 992158256 3992097381 1574201058 551511911 3439861003 ]
id[150572148 1572930831 2104687389 992158256 3992097381 1574201058 551511911 3439861003 ]
# 937822a02:26f0:64:19b::/68
id[1164773920 468441675 2777465640 1485987772 2031620573 2903392492 3923176287 588512890 ]
id[1164773920 468441675 2777465640 1485987772 2031620573 2903392492 3923176287 588512890 ]
# 937832a02:26f0:64:19c::/68
id[2339666785 2915088503 3194219882 436007370 35583774 1348915464 178524139 2247442118 ]
id[2339666785 2915088503 3194219882 436007370 35583774 1348915464 178524139 2247442118 ]
# 937662a02:26f0:64:18b::/68
id[4171462447 2299850545 3541964677 2590530650 632300668 707233267 3128784598 2646340679 ]
id[4171462447 2299850545 3541964677 2590530650 632300668 707233267 3128784598 2646340679 ]
# 938002a02:26f0:64:1ad::/68
id[4133829828 1155044230 2395728652 1200385433 2350542477 2147668694 640476102 2188312685 ]
id[4133829828 1155044230 2395728652 1200385433 2350542477 2147668694 640476102 2188312685 ]
# 937612a02:26f0:64:186::/68
id[4176995157 2169657198 1261914615 4054085222 1276555896 251188107 3639433956 3739461986 ]
id[4176995157 2169657198 1261914615 4054085222 1276555896 251188107 3639433956 3739461986 ]
# 938072a02:26f0:64:1b4::/68
id[883532292 765285148 341404764 58055970 1575675724 422629151 3030947218 1659629730 ]
id[883532292 765285148 341404764 58055970 1575675724 422629151 3030947218 1659629730 ]
# 938122a02:26f0:64:1b9::/68
id[3954325345 2006236905 158664055 332940689 1593180842 1364820620 3995718172 3245976416 ]
id[3954325345 2006236905 158664055 332940689 1593180842 1364820620 3995718172 3245976416 ]
# 937982a02:26f0:64:1ab::/68
id[2450539745 1790536016 3893704646 3271854385 1922804428 2117467838 1122675454 2007862278 ]
id[2450539745 1790536016 3893704646 3271854385 1922804428 2117467838 1122675454 2007862278 ]
# 937912a02:26f0:64:1a4::/68
id[1795269336 2469163221 867791805 3334966898 2143960367 349150790 2771242633 1572344102 ]
id[1795269336 2469163221 867791805 3334966898 2143960367 349150790 2771242633 1572344102 ]
# 938212a02:26f0:64:395::/68
id[1462205407 27835580 2141630476 2475558848 841814812 3055926200 1916358324 4189291188 ]
id[1462205407 27835580 2141630476 2475558848 841814812 3055926200 1916358324 4189291188 ]
# 938112a02:26f0:64:1b8::/68
id[4072141083 1151089714 1523837185 1147677676 2182601596 1597329156 2709219456 3568691548 ]
id[4072141083 1151089714 1523837185 1147677676 2182601596 1597329156 2709219456 3568691548 ]
# 938142a02:26f0:64:1bb::/68
id[712644673 49927112 1755336502 3541879893 3151952191 314117302 2743811982 3013119493 ]
id[712644673 49927112 1755336502 3541879893 3151952191 314117302 2743811982 3013119493 ]
# 938182a02:26f0:64:392::/68
id[3734523857 15756080 2680288751 1311837781 163070187 2171111495 60886172 1665129789 ]
id[3734523857 15756080 2680288751 1311837781 163070187 2171111495 60886172 1665129789 ]
# 938012a02:26f0:64:1ae::/68
id[2947257938 36883748 2014388871 1654345636 1796443461 36885608 3945357421 1087918083 ]
id[2947257938 36883748 2014388871 1654345636 1796443461 36885608 3945357421 1087918083 ]
# 937852a02:26f0:64:19e::/68
id[2054878286 4004089729 1519175577 2318444015 3024735456 2524423627 2431081769 935953148 ]
id[2054878286 4004089729 1519175577 2318444015 3024735456 2524423627 2431081769 935953148 ]
# 938092a02:26f0:64:1b6::/68
id[2574991882 2955052368 999301764 2331767945 2686026567 819025194 1770295009 941927166 ]
id[2574991882 2955052368 999301764 2331767945 2686026567 819025194 1770295009 941927166 ]
# 937962a02:26f0:64:1a9::/68
id[582616624 3484207506 726691301 1201718229 4254803182 3697249377 3381562355 2459529891 ]
id[582616624 3484207506 726691301 1201718229 4254803182 3697249377 3381562355 2459529891 ]
# 938032a02:26f0:64:1b0::/68
id[3634100931 2613969494 1671813869 2062195910 881255022 1852522436 457464250 1415992686 ]
id[3634100931 2613969494 1671813869 2062195910 881255022 1852522436 457464250 1415992686 ]
# 937762a02:26f0:64:195::/68
id[2648672149 3635130154 84697559 1401735852 766304264 943405128 1621014098 430879945 ]
id[2648672149 3635130154 84697559 1401735852 766304264 943405128 1621014098 430879945 ]
# 937732a02:26f0:64:192::/68
id[2374753510 4140367987 4180265695 3782907314 392946024 1636809795 2820637170 1465797763 ]
id[2374753510 4140367987 4180265695 3782907314 392946024 1636809795 2820637170 1465797763 ]
# 938492a02:26f0:64:48d::/68
id[3694448816 334892388 3699249885 2398394297 518855762 1558135849 3736040807 3482367500 ]
id[3694448816 334892388 3699249885 2398394297 518855762 1558135849 3736040807 3482367500 ]
# 938362a02:26f0:64:480::/68
id[360653331 1082793806 3512778243 2972933613 2287999889 730718158 658448419 4174659328 ]
id[360653331 1082793806 3512778243 2972933613 2287999889 730718158 658448419 4174659328 ]
# 938282a02:26f0:64:39c::/68
id[59268364 2159594051 1098129851 1198375806 2789185285 2702951892 152134321 1770979580 ]
id[59268364 2159594051 1098129851 1198375806 2789185285 2702951892 152134321 1770979580 ]
# 938532a02:26f0:64:491::/68
id[4161406390 1314683490 1175990642 3434141708 3452167721 2064221504 2398791629 3614109104 ]
id[4161406390 1314683490 1175990642 3434141708 3452167721 2064221504 2398791629 3614109104 ]
# 938442a02:26f0:64:488::/68
id[2723258361 3783858827 470732261 3852524693 1820167103 1977000139 2702470122 504782583 ]
id[2723258361 3783858827 470732261 3852524693 1820167103 1977000139 2702470122 504782583 ]
# 938822a02:26f0:64:4ae::/68
id[289701953 640188133 677222216 4090689740 279501196 401433914 1839322704 3284728463 ]
id[289701953 640188133 677222216 4090689740 279501196 401433914 1839322704 3284728463 ]
# 938522a02:26f0:64:490::/68
id[2740059029 1426690071 792804776 1867698387 2664489711 1622902636 3222044177 2081414428 ]
id[2740059029 1426690071 792804776 1867698387 2664489711 1622902636 3222044177 2081414428 ]
# 938712a02:26f0:64:4a3::/68
id[3893975463 2002086164 2598820278 2405127687 3018669694 1739322847 1834331018 2487319687 ]
id[3893975463 2002086164 2598820278 2405127687 3018669694 1739322847 1834331018 2487319687 ]
# 938732a02:26f0:64:4a5::/68
id[2516088879 1596695892 2607576842 2670036898 4087187520 3412820893 194357374 3448724372 ]
id[2516088879 1596695892 2607576842 2670036898 4087187520 3412820893 194357374 3448724372 ]
# 938402a02:26f0:64:484::/68
id[1115322215 2420820472 719315622 42868764 2065398027 2119242981 382025979 1461719642 ]
id[1115322215 2420820472 719315622 42868764 2065398027 2119242981 382025979 1461719642 ]
# 938722a02:26f0:64:4a4::/68
id[1924973259 1574111274 554959712 1152187077 2689197483 4230174719 119766822 2881534038 ]
id[1924973259 1574111274 554959712 1152187077 2689197483 4230174719 119766822 2881534038 ]
# 938292a02:26f0:64:39d::/68
id[3758455108 735624968 1344941263 2175988245 2490217085 2743659039 3758457353 2335897406 ]
id[3758455108 735624968 1344941263 2175988245 2490217085 2743659039 3758457353 2335897406 ]
# 938812a02:26f0:64:4ad::/68
id[3305980666 511789706 3007790349 1810399546 327772826 1777388326 241553251 1037208461 ]
id[3305980666 511789706 3007790349 1810399546 327772826 1777388326 241553251 1037208461 ]
# 938382a02:26f0:64:482::/68
id[1933736568 3032572501 2275642966 3611573125 3120511246 1545630589 3741094820 122479377 ]
id[1933736568 3032572501 2275642966 3611573125 3120511246 1545630589 3741094820 122479377 ]
# 939312a02:26f0:64:59f::/68
id[2963756337 1560908873 761257432 2097062991 1346717691 2075398792 1810145576 3948449248 ]
id[2963756337 1560908873 761257432 2097062991 1346717691 2075398792 1810145576 3948449248 ]
# 938952a02:26f0:64:4bb::/68
id[1485817153 1444365478 2174891617 60648809 4158402206 3429092864 2354656342 2584738317 ]
id[1485817153 1444365478 2174891617 60648809 4158402206 3429092864 2354656342 2584738317 ]
# 939412a02:26f0:64:5a9::/68
id[1598771914 1778093139 3976244067 550396721 234750999 1480124386 3672644556 1634069536 ]
id[1598771914 1778093139 3976244067 550396721 234750999 1480124386 3672644556 1634069536 ]
# 939172a02:26f0:64:591::/68
id[2924264120 2058074369 4042281639 2369543109 747012551 1780157198 1368446048 1387367700 ]
id[2924264120 2058074369 4042281639 2369543109 747012551 1780157198 1368446048 1387367700 ]
# 939112a02:26f0:64:58b::/68
id[3868370944 2731291789 1143448424 2795955325 3943607180 327331578 3904009898 2603848203 ]
id[3868370944 2731291789 1143448424 2795955325 3943607180 327331578 3904009898 2603848203 ]
# 939392a02:26f0:64:5a7::/68
id[910091962 391609423 3848268574 2969289066 2033546327 1878223131 1631481151 880317142 ]
id[910091962 391609423 3848268574 2969289066 2033546327 1878223131 1631481151 880317142 ]
# 939092a02:26f0:64:589::/68
id[4137863818 2873837925 45581548 4223611425 3627305165 2739387896 3768099806 2752061022 ]
id[4137863818 2873837925 45581548 4223611425 3627305165 2739387896 3768099806 2752061022 ]
# 939122a02:26f0:64:58c::/68
id[2617722611 333151601 443988794 3078959807 2415466068 3687124387 2229505002 3403016179 ]
id[2617722611 333151601 443988794 3078959807 2415466068 3687124387 2229505002 3403016179 ]
# 939292a02:26f0:64:59d::/68
id[2117764954 2165930770 1130668091 979440834 4168245313 2528529485 1258246767 450420399 ]
id[2117764954 2165930770 1130668091 979440834 4168245313 2528529485 1258246767 450420399 ]
# 939002a02:26f0:64:580::/68
id[1446747368 51744866 2099730476 2346315787 737414079 2105788557 992397428 1463711911 ]
id[1446747368 51744866 2099730476 2346315787 737414079 2105788557 992397428 1463711911 ]
# 939362a02:26f0:64:5a4::/68
id[812181486 1749762116 3360653802 1116085455 2102513800 3298505798 2567613796 257191762 ]
id[812181486 1749762116 3360653802 1116085455 2102513800 3298505798 2567613796 257191762 ]
# 939272a02:26f0:64:59b::/68
id[1268066167 490920424 914618506 653976422 1245586955 2799224947 268422169 520563823 ]
id[1268066167 490920424 914618506 653976422 1245586955 2799224947 268422169 520563823 ]
# 939342a02:26f0:64:5a2::/68
id[1492489358 2478624565 4036151698 1684292983 3156706708 3990838663 4138411433 1051634096 ]
id[1492489358 2478624565 4036151698 1684292983 3156706708 3990838663 4138411433 1051634096 ]
# 939132a02:26f0:64:58d::/68
id[599222259 2623884191 4226004786 284500745 2560309359 3798834618 1990094242 2825637338 ]
id[599222259 2623884191 4226004786 284500745 2560309359 3798834618 1990094242 2825637338 ]
# 939032a02:26f0:64:583::/68
id[2472708705 329003966 4087589279 3593039424 3315724996 1388517188 1409324633 1399360114 ]
id[2472708705 329003966 4087589279 3593039424 3315724996 1388517188 1409324633 1399360114 ]
# 939212a02:26f0:64:595::/68
id[1213669118 1951038343 2307703514 3744376325 1931587610 1470013557 2194398981 537851108 ]
id[1213669118 1951038343 2307703514 3744376325 1931587610 1470013557 2194398981 537851108 ]
# 939472a02:26f0:64:681::/68
id[1647473646 1697935866 3685704358 3569345817 3609408032 2424792043 2406753517 1948955431 ]
id[1647473646 1697935866 3685704358 3569345817 3609408032 2424792043 2406753517 1948955431 ]
# 938902a02:26f0:64:4b6::/68
id[3153945890 3107548701 3502490325 3004210377 3508918362 1919074286 1335486989 4040303586 ]
id[3153945890 3107548701 3502490325 3004210377 3508918362 1919074286 1335486989 4040303586 ]
# 939642a02:26f0:64:693::/68
id[1557509478 4022182588 2382491351 2078564268 1853742061 2754797756 3672804962 1314332577 ]
id[1557509478 4022182588 2382491351 2078564268 1853742061 2754797756 3672804962 1314332577 ]
# 939682a02:26f0:64:697::/68
id[2360824912 4172715598 694010891 468895881 3526894113 4166393150 551950411 4016700001 ]
id[2360824912 4172715598 694010891 468895881 3526894113 4166393150 551950411 4016700001 ]
# 939692a02:26f0:64:698::/68
id[1852779666 57395442 4210717509 338652211 443912104 2316571690 3154809004 1886566273 ]
id[1852779666 57395442 4210717509 338652211 443912104 2316571690 3154809004 1886566273 ]
# 940042a02:26f0:64:6bb::/68
id[1366743711 1160796198 1653536688 1800502776 225015437 2247671330 2912138880 1715590826 ]
id[1366743711 1160796198 1653536688 1800502776 225015437 2247671330 2912138880 1715590826 ]
# 940012a02:26f0:64:6b8::/68
id[4039133053 537791227 1286954615 986646707 371078955 3188253551 3312065253 2088901941 ]
id[4039133053 537791227 1286954615 986646707 371078955 3188253551 3312065253 2088901941 ]
# 939892a02:26f0:64:6ac::/68
id[24188406 2388394244 3190267653 4007993119 198535207 307989832 1553433105 3307998300 ]
id[24188406 2388394244 3190267653 4007993119 198535207 307989832 1553433105 3307998300 ]
# 939932a02:26f0:64:6b0::/68
id[2932179455 1771716521 1405382107 948004998 3498963873 2146601583 3714113522 2903974222 ]
id[2932179455 1771716521 1405382107 948004998 3498963873 2146601583 3714113522 2903974222 ]
# 940152a02:26f0:6b:288::/68
id[1376809775 174126410 4273614283 154452714 2822058858 3422260186 1821867424 756933487 ]
id[1376809775 174126410 4273614283 154452714 2822058858 3422260186 1821867424 756933487 ]
# 939862a02:26f0:64:6a9::/68
id[1818332720 663841170 1636397879 3394938753 1881883516 246719178 3947563748 3465702240 ]
id[1818332720 663841170 1636397879 3394938753 1881883516 246719178 3947563748 3465702240 ]
# 939542a02:26f0:64:688::/68
id[3894277031 650729903 1905062365 4224929645 3210602785 2231856131 73552593 1556419151 ]
id[3894277031 650729903 1905062365 4224929645 3210602785 2231856131 73552593 1556419151 ]
# 939882a02:26f0:64:6ab::/68
id[4147764466 4000209470 3963062000 3522747972 4243733314 1302401806 2488012730 618783946 ]
id[4147764466 4000209470 3963062000 3522747972 4243733314 1302401806 2488012730 618783946 ]
# 939562a02:26f0:64:68b::/68
id[2022627087 2169830528 2317614229 267994173 3628442274 180966844 3526491238 1217429499 ]
id[2022627087 2169830528 2317614229 267994173 3628442274 180966844 3526491238 1217429499 ]
# 939812a02:26f0:64:6a4::/68
id[812396978 1437040227 1450260528 3297373416 3268090894 2474921102 1916043484 2226019542 ]
id[812396978 1437040227 1450260528 3297373416 3268090894 2474921102 1916043484 2226019542 ]
# 939582a02:26f0:64:68d::/68
id[2889230412 901523222 748208624 1252842044 1980274776 2117811607 574084731 3405440156 ]
id[2889230412 901523222 748208624 1252842044 1980274776 2117811607 574084731 3405440156 ]
# 939982a02:26f0:64:6b5::/68
id[229264477 3395448447 3594226648 1494462422 1587472120 3906305028 4179789227 1916782224 ]
id[229264477 3395448447 3594226648 1494462422 1587472120 3906305028 4179789227 1916782224 ]
# 940072a02:26f0:64:6be::/68
id[679727589 1614043631 3238861320 2157644722 3485721011 1425411085 966580029 3973287821 ]
id[679727589 1614043631 3238861320 2157644722 3485721011 1425411085 966580029 3973287821 ]
# 940162a02:26f0:6b:29a::/68
id[1572583172 760693872 1432599576 1034859846 2259651699 1206198366 3732900668 2511019647 ]
id[1572583172 760693872 1432599576 1034859846 2259651699 1206198366 3732900668 2511019647 ]
# 939652a02:26f0:64:694::/68
id[3449283070 2308490447 1240843477 3370265751 2567556034 940374980 990727802 3114154776 ]
id[3449283070 2308490447 1240843477 3370265751 2567556034 940374980 990727802 3114154776 ]
# 940462a02:26f0:7b:282::/68
id[3311783650 39545773 3767086274 2955544154 739553470 4049635233 1090815379 3570428790 ]
id[3311783650 39545773 3767086274 2955544154 739553470 4049635233 1090815379 3570428790 ]
# 940672a02:26f0:7b:297::/68
id[4097924370 1950636218 123007059 397097823 1397310077 537067838 1404859638 3694443023 ]
id[4097924370 1950636218 123007059 397097823 1397310077 537067838 1404859638 3694443023 ]
# 940512a02:26f0:7b:287::/68
id[2876951946 3701670159 1279607684 3058339914 2924973084 3344405531 3816527608 1418277010 ]
id[2876951946 3701670159 1279607684 3058339914 2924973084 3344405531 3816527608 1418277010 ]
# 940632a02:26f0:7b:293::/68
id[3426385661 3172300607 920653549 3447357403 2509561015 1696430813 1146970119 1618050509 ]
id[3426385661 3172300607 920653549 3447357403 2509561015 1696430813 1146970119 1618050509 ]
# 940442a02:26f0:7b:280::/68
id[3136681667 1757936752 175980467 1729221709 347962505 2890841448 827892613 2966992173 ]
id[3136681667 1757936752 175980467 1729221709 347962505 2890841448 827892613 2966992173 ]
# 940552a02:26f0:7b:28b::/68
id[2953730700 1062721291 98067595 922750418 632195251 895847912 15226315 2214518461 ]
id[2953730700 1062721291 98067595 922750418 632195251 895847912 15226315 2214518461 ]
# 940742a02:26f0:7b:29e::/68
id[3719416348 2125656900 2918184700 1214437129 2423640456 223107896 3129860564 3602543603 ]
id[3719416348 2125656900 2918184700 1214437129 2423640456 223107896 3129860564 3602543603 ]
# 940592a02:26f0:7b:28f::/68
id[1562741754 2997182833 744719109 2787928803 245966229 4197150619 753357955 3184260140 ]
id[1562741754 2997182833 744719109 2787928803 245966229 4197150619 753357955 3184260140 ]
# 940622a02:26f0:7b:292::/68
id[2247945437 1361829679 3440188532 3867683131 1031678367 2782157242 1668517761 1888961613 ]
id[2247945437 1361829679 3440188532 3867683131 1031678367 2782157242 1668517761 1888961613 ]
# 940702a02:26f0:7b:29a::/68
id[4206432807 677306977 1548515458 91525598 1932920149 2772442282 3800305060 2661206429 ]
id[4206432807 677306977 1548515458 91525598 1932920149 2772442282 3800305060 2661206429 ]
# 940482a02:26f0:7b:284::/68
id[3193692534 895853735 885779891 251609561 284790754 1967165347 4216117668 1615413283 ]
id[3193692534 895853735 885779891 251609561 284790754 1967165347 4216117668 1615413283 ]
# 940682a02:26f0:7b:298::/68
id[3643261928 1370478822 1569550264 798919116 3190413011 2225262875 699873957 3405370376 ]
id[3643261928 1370478822 1569550264 798919116 3190413011 2225262875 699873957 3405370376 ]
# 940472a02:26f0:7b:283::/68
id[1643872353 450988099 2130598518 683839061 2008972734 3881021508 604601273 3554315787 ]
id[1643872353 450988099 2130598518 683839061 2008972734 3881021508 604601273 3554315787 ]
# 940572a02:26f0:7b:28d::/68
id[1733795932 2495255351 2692529778 1017432285 746240366 3623497388 4100687955 2750032305 ]
id[1733795932 2495255351 2692529778 1017432285 746240366 3623497388 4100687955 2750032305 ]
# 940722a02:26f0:7b:29c::/68
id[4225976069 1227210992 4030244051 1323865540 3519365913 3580246994 3978092463 321876920 ]
id[4225976069 1227210992 4030244051 1323865540 3519365913 3580246994 3978092463 321876920 ]
# 940732a02:26f0:7b:29d::/68
id[999021865 2161470487 3456523607 1687562387 2685184127 1360194248 3083159873 1200142135 ]
id[999021865 2161470487 3456523607 1687562387 2685184127 1360194248 3083159873 1200142135 ]
# 940602a02:26f0:7b:290::/68
id[1705429414 2745660513 987894336 3217775652 3961863066 3885634451 3294391714 1934306331 ]
id[1705429414 2745660513 987894336 3217775652 3961863066 3885634451 3294391714 1934306331 ]
# 940582a02:26f0:7b:28e::/68
id[2980591959 378039180 3335712149 3960755011 1426815155 400203555 2611423235 1260276661 ]
id[2980591959 378039180 3335712149 3960755011 1426815155 400203555 2611423235 1260276661 ]
# 940532a02:26f0:7b:289::/68
id[419248063 2592218770 260097068 3876333585 2869269301 3128979659 1942862149 4160792959 ]
id[419248063 2592218770 260097068 3876333585 2869269301 3128979659 1942862149 4160792959 ]
# 940652a02:26f0:7b:295::/68
id[4273590680 1623468786 3666251962 3216558217 2031460373 728374921 240015732 974281103 ]
id[4273590680 1623468786 3666251962 3216558217 2031460373 728374921 240015732 974281103 ]
# 940612a02:26f0:7b:291::/68
id[4170178231 2192037833 784396139 2069672558 705351072 3005285923 2413822197 475732906 ]
id[4170178231 2192037833 784396139 2069672558 705351072 3005285923 2413822197 475732906 ]
# 940412a02:26f0:6c00:19d::/68
id[2225574682 2163106524 3071184045 3461237581 2829874708 3137759254 2241776433 1439972812 ]
id[2225574682 2163106524 3071184045 3461237581 2829874708 3137759254 2241776433 1439972812 ]
# 940242a02:26f0:6c00:188::/68
id[2645033523 1373080822 4138409102 2561647688 454086843 3748424908 4089167528 1673846739 ]
id[2645033523 1373080822 4138409102 2561647688 454086843 3748424908 4089167528 1673846739 ]
# 940642a02:26f0:7b:294::/68
id[1561041304 1314438535 2537402130 2318994378 731887839 313108918 429897615 1501923005 ]
id[1561041304 1314438535 2537402130 2318994378 731887839 313108918 429897615 1501923005 ]
# 940772a02:26f0:7b:2a3::/68
id[2489148603 2280390635 972397240 3773530435 3145207889 599022331 1720507506 4294709865 ]
id[2489148603 2280390635 972397240 3773530435 3145207889 599022331 1720507506 4294709865 ]
# 940752a02:26f0:7b:29f::/68
id[2645380444 1755867715 148813560 1831753667 2220568407 4046657955 3355659782 4041242535 ]
id[2645380444 1755867715 148813560 1831753667 2220568407 4046657955 3355659782 4041242535 ]
# 940502a02:26f0:7b:286::/68
id[3350625581 117761873 1002837552 1614709196 1761238660 3704583670 1449139156 27379957 ]
id[3350625581 117761873 1002837552 1614709196 1761238660 3704583670 1449139156 27379957 ]
# 940802a02:26f0:b1:382::/68
id[3665277741 1885374100 2807390880 689159762 2627929142 943130621 2842877304 801083543 ]
id[3665277741 1885374100 2807390880 689159762 2627929142 943130621 2842877304 801083543 ]
# 940322a02:26f0:6c00:192::/68
id[3643797217 3052671585 4247082915 2264852520 3800740976 449902786 1033812562 2807939394 ]
id[3643797217 3052671585 4247082915 2264852520 3800740976 449902786 1033812562 2807939394 ]
# 940272a02:26f0:6c00:18c::/68
id[1255787721 170698245 3806852089 4158199676 2553191800 3835640464 1501716281 2030857370 ]
id[1255787721 170698245 3806852089 4158199676 2553191800 3835640464 1501716281 2030857370 ]
# 940692a02:26f0:7b:299::/68
id[1345989394 3776330194 3506639297 327223929 3076917602 3595792955 1596771789 568464516 ]
id[1345989394 3776330194 3506639297 327223929 3076917602 3595792955 1596771789 568464516 ]
# 940402a02:26f0:6c00:19c::/68
id[1457710709 2593260101 1033463418 685827635 2355942986 1197409088 3154329038 1034811006 ]
id[1457710709 2593260101 1033463418 685827635 2355942986 1197409088 3154329038 1034811006 ]
# 940202a02:26f0:6c00:183::/68
id[810243500 1106202809 2163047441 4075052136 2000013483 13081400 3176988602 3698541343 ]
id[810243500 1106202809 2163047441 4075052136 2000013483 13081400 3176988602 3698541343 ]
# 940782a02:26f0:b1:380::/68
id[3348999100 2482031591 4293728194 2284832333 1941253001 2093397173 2621756921 3625416559 ]
id[3348999100 2482031591 4293728194 2284832333 1941253001 2093397173 2621756921 3625416559 ]
# 940342a02:26f0:6c00:194::/68
id[2501332748 794298394 2356312603 644749810 3454647715 421469913 3600357865 778457635 ]
id[2501332748 794298394 2356312603 644749810 3454647715 421469913 3600357865 778457635 ]
# 940352a02:26f0:6c00:195::/68
id[2038428449 1068135593 2639358932 1293142273 571388678 2683229806 3411635755 1478255577 ]
id[2038428449 1068135593 2639358932 1293142273 571388678 2683229806 3411635755 1478255577 ]
# 940422a02:26f0:6c00:19e::/68
id[3701801275 3416425280 2847735565 1853693989 1198494491 3359168835 2625606823 53872709 ]
id[3701801275 3416425280 2847735565 1853693989 1198494491 3359168835 2625606823 53872709 ]
# 940192a02:26f0:6c00:182::/68
id[2250171990 2705310594 2555177241 273391410 4055743310 3424636552 1735574409 869453527 ]
id[2250171990 2705310594 2555177241 273391410 4055743310 3424636552 1735574409 869453527 ]
# 941012a02:26f0:c6:295::/68
id[2410221951 499084359 2435064106 2014993015 2570077914 1056811754 2536082190 1899867645 ]
id[2410221951 499084359 2435064106 2014993015 2570077914 1056811754 2536082190 1899867645 ]
# 941222a02:26f0:c6:2b3::/68
id[2798183224 393946425 2657880123 4164762569 2660662110 1392873294 3819504496 973911642 ]
id[2798183224 393946425 2657880123 4164762569 2660662110 1392873294 3819504496 973911642 ]
# 941002a02:26f0:c6:294::/68
id[3867099329 3297806409 1537598659 894554009 2227067975 4033263140 2500316782 2454890306 ]
id[3867099329 3297806409 1537598659 894554009 2227067975 4033263140 2500316782 2454890306 ]
# 941192a02:26f0:c6:2b0::/68
id[2359882348 1133320827 1601891980 3847648466 394320012 636260002 245625678 120916188 ]
id[2359882348 1133320827 1601891980 3847648466 394320012 636260002 245625678 120916188 ]
# 941032a02:26f0:c6:29b::/68
id[2665414070 2734042039 2816247189 1660793551 3246409170 3388856892 3330971362 3190251902 ]
id[2665414070 2734042039 2816247189 1660793551 3246409170 3388856892 3330971362 3190251902 ]
# 940892a02:26f0:c6:286::/68
id[3969370915 1232337666 3735267994 1702008049 1604064192 3690094439 1810223411 3753578944 ]
id[3969370915 1232337666 3735267994 1702008049 1604064192 3690094439 1810223411 3753578944 ]
# 940882a02:26f0:c6:284::/68
id[3644321731 3445033955 4272524021 2159090105 3483444291 657799392 2763401401 511899757 ]
id[3644321731 3445033955 4272524021 2159090105 3483444291 657799392 2763401401 511899757 ]
# 940842a02:26f0:c6:280::/68
id[2845955949 545908246 1549465160 2702647804 1927025205 2616433537 1440826876 236678840 ]
id[2845955949 545908246 1549465160 2702647804 1927025205 2616433537 1440826876 236678840 ]
# 940902a02:26f0:c6:287::/68
id[3136558097 3758635877 827002462 1370226604 304396944 3208088479 747615150 1691667136 ]
id[3136558097 3758635877 827002462 1370226604 304396944 3208088479 747615150 1691667136 ]
# 941342a02:26f0:e2:282::/68
id[3491013968 548660530 3842384731 3742739034 1190785846 1050215454 1591075979 1196953422 ]
id[3491013968 548660530 3842384731 3742739034 1190785846 1050215454 1591075979 1196953422 ]
# 941072a02:26f0:c6:2a0::/68
id[1147384803 642803054 3266457447 340658354 3895974426 3300142732 4276861896 3413098227 ]
id[1147384803 642803054 3266457447 340658354 3895974426 3300142732 4276861896 3413098227 ]
# 940832a02:26f0:b1:385::/68
id[2956815655 3695440887 1342477599 3271268032 3971823677 536915962 1528556167 1533828095 ]
id[2956815655 3695440887 1342477599 3271268032 3971823677 536915962 1528556167 1533828095 ]
# 940972a02:26f0:c6:28f::/68
id[1651587298 198853698 4258890364 1891699831 3964591468 1241078363 4090852442 549895920 ]
id[1651587298 198853698 4258890364 1891699831 3964591468 1241078363 4090852442 549895920 ]
# 940932a02:26f0:c6:28a::/68
id[807005194 3166933852 915380823 3283555554 1623892406 4213461645 523192573 251645993 ]
id[807005194 3166933852 915380823 3283555554 1623892406 4213461645 523192573 251645993 ]
# 941022a02:26f0:c6:297::/68
id[863847846 1149184588 3241392381 3139281330 3379879769 2910623218 884090853 1577718766 ]
id[863847846 1149184588 3241392381 3139281330 3379879769 2910623218 884090853 1577718766 ]
# 940912a02:26f0:c6:288::/68
id[1553658780 1190806154 2160446207 3330758938 3146893393 101456505 296976056 436354398 ]
id[1553658780 1190806154 2160446207 3330758938 3146893393 101456505 296976056 436354398 ]
# 941242a02:26f0:c6:2b6::/68
id[4119012730 4202106957 3038691823 3121354786 2089869474 3225077993 413256090 448261598 ]
id[4119012730 4202106957 3038691823 3121354786 2089869474 3225077993 413256090 448261598 ]
# 941362a02:26f0:e2:284::/68
id[3951260287 3656264197 3029023849 757640157 2948448421 3706486500 3584248699 4287545497 ]
id[3951260287 3656264197 3029023849 757640157 2948448421 3706486500 3584248699 4287545497 ]
# 940982a02:26f0:c6:290::/68
id[2253220447 3343815311 4212117197 4013975062 1165649166 3322965446 618994849 3079518740 ]
id[2253220447 3343815311 4212117197 4013975062 1165649166 3322965446 618994849 3079518740 ]
# 940922a02:26f0:c6:289::/68
id[4030024524 2400035730 2863394293 2763011111 824824213 69735878 2330532415 2898182918 ]
id[4030024524 2400035730 2863394293 2763011111 824824213 69735878 2330532415 2898182918 ]
# 941402a02:26f0:eb:181::/68
id[2205432382 1970534624 3776702367 770423582 3855147062 1515083059 3247305177 1068630246 ]
id[2205432382 1970534624 3776702367 770423582 3855147062 1515083059 3247305177 1068630246 ]
# 941232a02:26f0:c6:2b4::/68
id[487552678 2930435407 45594509 1203593691 3358120673 3381771858 3154263629 605504649 ]
id[487552678 2930435407 45594509 1203593691 3358120673 3381771858 3154263629 605504649 ]
# 941272a02:26f0:c6:2b9::/68
id[1784348026 1097819706 1565769470 2271111732 2550487593 1631079102 3542398492 2699486551 ]
id[1784348026 1097819706 1565769470 2271111732 2550487593 1631079102 3542398492 2699486551 ]
# 941102a02:26f0:c6:2a3::/68
id[3685309396 2708989244 1750132979 300176604 3990287751 2315744918 4128706016 2818636511 ]
id[3685309396 2708989244 1750132979 300176604 3990287751 2315744918 4128706016 2818636511 ]
# 941252a02:26f0:c6:2b7::/68
id[2439801954 3349940220 1151938670 393008442 3294811368 2777671853 2781052911 3723286764 ]
id[2439801954 3349940220 1151938670 393008442 3294811368 2777671853 2781052911 3723286764 ]
# 941332a02:26f0:e2:281::/68
id[4266258144 1292233369 103919862 3102310864 1485610039 4161913037 2402575571 779363660 ]
id[4266258144 1292233369 103919862 3102310864 1485610039 4161913037 2402575571 779363660 ]
# 940812a02:26f0:b1:383::/68
id[1687364228 2247690890 4293757447 2546337922 2415775794 3599090945 1193125000 1787118337 ]
id[1687364228 2247690890 4293757447 2546337922 2415775794 3599090945 1193125000 1787118337 ]
# 941082a02:26f0:c6:2a1::/68
id[3441554265 1658268756 637370427 3413517944 3198749170 3391315698 945519230 1124117804 ]
id[3441554265 1658268756 637370427 3413517944 3198749170 3391315698 945519230 1124117804 ]
# 941282a02:26f0:c6:2ba::/68
id[642461163 738329414 3238502655 817370205 3321684643 2264540132 3855694279 3301669896 ]
id[642461163 738329414 3238502655 817370205 3321684643 2264540132 3855694279 3301669896 ]
# 940952a02:26f0:c6:28c::/68
id[3621865134 1668031164 3093493054 2586353125 234832441 417608203 4037398594 762722068 ]
id[3621865134 1668031164 3093493054 2586353125 234832441 417608203 4037398594 762722068 ]
# 940872a02:26f0:c6:283::/68
id[2647164220 1191433610 2471750109 965858976 3273535636 1572843432 4258467525 1751125186 ]
id[2647164220 1191433610 2471750109 965858976 3273535636 1572843432 4258467525 1751125186 ]
# 941162a02:26f0:c6:2ac::/68
id[3913949757 622313335 3050158791 2452216886 2641036366 2247304871 673165435 177123003 ]
id[3913949757 622313335 3050158791 2452216886 2641036366 2247304871 673165435 177123003 ]
# 941292a02:26f0:c6:2bb::/68
id[3032359382 695196041 1163238794 2256357113 523443723 598122091 110200097 3732965066 ]
id[3032359382 695196041 1163238794 2256357113 523443723 598122091 110200097 3732965066 ]
# 941122a02:26f0:c6:2a5::/68
id[1884219594 3771593102 581259927 1062921990 3633858808 3777171583 3448156574 685294659 ]
id[1884219594 3771593102 581259927 1062921990 3633858808 3777171583 3448156574 685294659 ]
# 941152a02:26f0:c6:2ab::/68
id[1776544530 3354179038 1565066617 3994187620 365532337 3117872299 3367052559 2084053086 ]
id[1776544530 3354179038 1565066617 3994187620 365532337 3117872299 3367052559 2084053086 ]
# 940962a02:26f0:c6:28d::/68
id[1646379802 550900268 87533319 3548857930 2895946574 1589319814 1575625027 4087990214 ]
id[1646379802 550900268 87533319 3548857930 2895946574 1589319814 1575625027 4087990214 ]
# 941212a02:26f0:c6:2b2::/68
id[1385832002 1168700417 2482538044 425026755 2512060605 3221893042 86775000 3777245052 ]
id[1385832002 1168700417 2482538044 425026755 2512060605 3221893042 86775000 3777245052 ]
# 940992a02:26f0:c6:292::/68
id[308484953 3506727653 850292724 332166931 2233055110 545194781 857795417 507682087 ]
id[308484953 3506727653 850292724 332166931 2233055110 545194781 857795417 507682087 ]
# 941052a02:26f0:c6:29d::/68
id[961108567 3163942273 4154495702 3435007252 2731203469 2080544286 3944946891 1827067412 ]
id[961108567 3163942273 4154495702 3435007252 2731203469 2080544286 3944946891 1827067412 ]
# 941132a02:26f0:c6:2a8::/68
id[3722483559 908468946 1526564977 2366849044 951115835 2708213205 2721096173 2845309484 ]
id[3722483559 908468946 1526564977 2366849044 951115835 2708213205 2721096173 2845309484 ]
# 941302a02:26f0:c6:2bd::/68
id[101378963 1290143076 1783106062 2268214246 679011008 945392065 3207008591 2695957382 ]
id[101378963 1290143076 1783106062 2268214246 679011008 945392065 3207008591 2695957382 ]
# 940862a02:26f0:c6:282::/68
id[2850833158 3106594424 2875098931 4238530333 540090365 3443254716 1109892791 4213353495 ]
id[2850833158 3106594424 2875098931 4238530333 540090365 3443254716 1109892791 4213353495 ]
# 941062a02:26f0:c6:29f::/68
id[1862550799 2371440833 2743164663 3839851263 700179474 1032891767 1605440094 3145864823 ]
id[1862550799 2371440833 2743164663 3839851263 700179474 1032891767 1605440094 3145864823 ]
# 941202a02:26f0:c6:2b1::/68
id[2920831929 1991929432 690078266 3264303914 3318238442 3179146235 625365306 3498343403 ]
id[2920831929 1991929432 690078266 3264303914 3318238442 3179146235 625365306 3498343403 ]
# 940942a02:26f0:c6:28b::/68
id[3340916705 2474735190 4004395690 3221784352 1790561560 34141125 3136822746 121837417 ]
id[3340916705 2474735190 4004395690 3221784352 1790561560 34141125 3136822746 121837417 ]
# 941112a02:26f0:c6:2a4::/68
id[2487765893 2451192124 3884131023 2740976625 1737770402 1594702057 1461001334 1285004191 ]
id[2487765893 2451192124 3884131023 2740976625 1737770402 1594702057 1461001334 1285004191 ]
# 941312a02:26f0:c6:2be::/68
id[659508473 2836018528 663346709 2323245593 1888303262 1851581550 2793941849 2400617705 ]
id[659508473 2836018528 663346709 2323245593 1888303262 1851581550 2793941849 2400617705 ]
# 941352a02:26f0:e2:283::/68
id[1755542246 2697051686 3813648392 1150112903 2921165851 3733573548 1734664138 2957698620 ]
id[1755542246 2697051686 3813648392 1150112903 2921165851 3733573548 1734664138 2957698620 ]
# 941142a02:26f0:c6:2a9::/68
id[3384075434 379469294 413744084 2115974839 2430920722 1081736878 2919114301 435547506 ]
id[3384075434 379469294 413744084 2115974839 2430920722 1081736878 2919114301 435547506 ]
# 941042a02:26f0:c6:29c::/68
id[2019812332 2244462766 681069574 1082058675 2849104416 4149325651 888478822 2638926213 ]
id[2019812332 2244462766 681069574 1082058675 2849104416 4149325651 888478822 2638926213 ]
# 941172a02:26f0:c6:2ad::/68
id[3139684866 3893507667 1334165676 486543491 1350813071 673763897 4227982519 971170513 ]
id[3139684866 3893507667 1334165676 486543491 1350813071 673763897 4227982519 971170513 ]
# 941182a02:26f0:c6:2ae::/68
id[2575798267 556920469 473156950 3775355549 647822338 1404468977 3901665501 3390158273 ]
id[2575798267 556920469 473156950 3775355549 647822338 1404468977 3901665501 3390158273 ]
# 940852a02:26f0:c6:281::/68
id[1281284020 2606237432 2365958317 2243081012 1324364379 688406410 4085780703 2194438497 ]
id[1281284020 2606237432 2365958317 2243081012 1324364379 688406410 4085780703 2194438497 ]
# 941262a02:26f0:c6:2b8::/68
id[1707539426 1334723660 1853159141 1581128638 566527745 2667787516 2244640234 2121513525 ]
id[1707539426 1334723660 1853159141 1581128638 566527745 2667787516 2244640234 2121513525 ]
# 941372a02:26f0:e2:285::/68
id[2832026905 621361102 4054913747 1260088871 2443546557 3943985550 2905207670 653169988 ]
id[2832026905 621361102 4054913747 1260088871 2443546557 3943985550 2905207670 653169988 ]
# 941092a02:26f0:c6:2a2::/68
id[1424685968 3394373067 3871133927 1761454895 3498466628 3650097504 3148507576 693799237 ]
id[1424685968 3394373067 3871133927 1761454895 3498466628 3650097504 3148507576 693799237 ]
# 941382a02:26f0:e9:283::/68
id[1786723969 1938856074 3633945705 3251420654 2280399707 4059105775 2479509426 757939226 ]
id[1786723969 1938856074 3633945705 3251420654 2280399707 4059105775 2479509426 757939226 ]
# 940822a02:26f0:b1:384::/68
id[2573207102 2455826877 3677962915 2096470612 2932434772 2149814021 3251067646 442195421 ]
id[2573207102 2455826877 3677962915 2096470612 2932434772 2149814021 3251067646 442195421 ]
# 941542a02:26f0:eb:18f::/68
id[2635597422 3846602737 156658761 1118665057 3496808557 1901628230 2534717368 1142378473 ]
id[2635597422 3846602737 156658761 1118665057 3496808557 1901628230 2534717368 1142378473 ]
# 941982a02:26f0:eb:381::/68
id[956016445 3033919814 2513888218 4264700432 4107441 2601253865 387224151 402141826 ]
id[956016445 3033919814 2513888218 4264700432 4107441 2601253865 387224151 402141826 ]
# 941532a02:26f0:eb:18e::/68
id[2882667743 3726850399 742539160 2414985257 655357751 2568104273 4104821696 4040279786 ]
id[2882667743 3726850399 742539160 2414985257 655357751 2568104273 4104821696 4040279786 ]
# 941482a02:26f0:eb:189::/68
id[3567896567 806246767 1170435063 3456907903 1356663380 392566449 1590052617 2234727631 ]
id[3567896567 806246767 1170435063 3456907903 1356663380 392566449 1590052617 2234727631 ]
# 941812a02:26f0:eb:1aa::/68
id[1428605747 765158491 2009487761 2429418393 1897318184 3422071903 3251004645 95159495 ]
id[1428605747 765158491 2009487761 2429418393 1897318184 3422071903 3251004645 95159495 ]
# 941462a02:26f0:eb:187::/68
id[1624683064 447414227 1352043655 4015411606 3117936315 3366082148 1115250143 1587767267 ]
id[1624683064 447414227 1352043655 4015411606 3117936315 3366082148 1115250143 1587767267 ]
# 941582a02:26f0:eb:193::/68
id[4256334613 3530661977 4145549084 1520773316 2572511415 1257850868 3159436328 46419688 ]
id[4256334613 3530661977 4145549084 1520773316 2572511415 1257850868 3159436328 46419688 ]
# 941732a02:26f0:eb:1a2::/68
id[65849433 1733418224 3345020627 2363496587 3015771589 2632455963 2291135142 3151901725 ]
id[65849433 1733418224 3345020627 2363496587 3015771589 2632455963 2291135142 3151901725 ]
# 942052a02:26f0:eb:388::/68
id[1115382541 3460621775 3198669600 1933766312 3412421380 4096658311 112708597 2616121211 ]
id[1115382541 3460621775 3198669600 1933766312 3412421380 4096658311 112708597 2616121211 ]
# 942072a02:26f0:eb:38a::/68
id[2792413030 2552816342 608189746 1519708965 984112575 413985624 2786470125 3792449572 ]
id[2792413030 2552816342 608189746 1519708965 984112575 413985624 2786470125 3792449572 ]
# 941872a02:26f0:eb:1b0::/68
id[146079835 836910281 1643771566 4193596566 2303183721 2662706741 1913640136 282730547 ]
id[146079835 836910281 1643771566 4193596566 2303183721 2662706741 1913640136 282730547 ]
# 941502a02:26f0:eb:18b::/68
id[3808186081 2977207478 136811615 3842850125 2689393779 253977386 2176565357 2958630610 ]
id[3808186081 2977207478 136811615 3842850125 2689393779 253977386 2176565357 2958630610 ]
# 941942a02:26f0:eb:1b7::/68
id[2707677269 51350028 630515692 1522663972 3640262499 4255546752 79807100 832654454 ]
id[2707677269 51350028 630515692 1522663972 3640262499 4255546752 79807100 832654454 ]
# 941472a02:26f0:eb:188::/68
id[3369617219 42007888 155570446 2028548661 3895209245 2385227211 4088031448 2879148703 ]
id[3369617219 42007888 155570446 2028548661 3895209245 2385227211 4088031448 2879148703 ]
# 941452a02:26f0:eb:186::/68
id[618789229 8673276 2505657179 4107782024 1748590599 3310551471 4032849142 1880988905 ]
id[618789229 8673276 2505657179 4107782024 1748590599 3310551471 4032849142 1880988905 ]
# 941772a02:26f0:eb:1a6::/68
id[2071734872 2578790661 3735968105 4269803945 3176970697 237944820 2159743432 1513114150 ]
id[2071734872 2578790661 3735968105 4269803945 3176970697 237944820 2159743432 1513114150 ]
# 941562a02:26f0:eb:191::/68
id[4167572671 3121003143 3808294539 1095963136 4009104358 1985966339 4149246993 1785541184 ]
id[4167572671 3121003143 3808294539 1095963136 4009104358 1985966339 4149246993 1785541184 ]
# 941552a02:26f0:eb:190::/68
id[4077080096 239874834 4128107808 2208007445 2394720190 699196275 649006978 3218931525 ]
id[4077080096 239874834 4128107808 2208007445 2394720190 699196275 649006978 3218931525 ]
# 941782a02:26f0:eb:1a7::/68
id[3155878598 2390629664 2828483081 1622485255 3323445905 1918245760 3637737437 1167965372 ]
id[3155878598 2390629664 2828483081 1622485255 3323445905 1918245760 3637737437 1167965372 ]
# 941742a02:26f0:eb:1a3::/68
id[403783248 2881891134 2714355367 792444247 1974675886 1246902497 2251224009 2542420633 ]
id[403783248 2881891134 2714355367 792444247 1974675886 1246902497 2251224009 2542420633 ]
# 941822a02:26f0:eb:1ab::/68
id[1683248736 615266634 4232014411 3313259487 2365867432 178234627 2026871553 2183851987 ]
id[1683248736 615266634 4232014411 3313259487 2365867432 178234627 2026871553 2183851987 ]
# 941652a02:26f0:eb:19a::/68
id[2712686415 1458034859 2351990994 4214910738 3621896861 2524595830 1944821321 3399147190 ]
id[2712686415 1458034859 2351990994 4214910738 3621896861 2524595830 1944821321 3399147190 ]
# 941592a02:26f0:eb:194::/68
id[3601929355 3701462581 1833557237 2440943028 722928926 1477537366 983235754 2120229447 ]
id[3601929355 3701462581 1833557237 2440943028 722928926 1477537366 983235754 2120229447 ]
# 941842a02:26f0:eb:1ad::/68
id[502332717 329189194 4106897422 4168890457 4246938024 2914509818 3520381016 3255928168 ]
id[502332717 329189194 4106897422 4168890457 4246938024 2914509818 3520381016 3255928168 ]
# 941902a02:26f0:eb:1b3::/68
id[4038133477 3672565852 695987120 2028066990 3631864625 1944066874 846235654 2851910164 ]
id[4038133477 3672565852 695987120 2028066990 3631864625 1944066874 846235654 2851910164 ]
# 941792a02:26f0:eb:1a8::/68
id[3109941755 2387367924 1113421140 2657172313 2909905311 404639545 2805943201 1391067667 ]
id[3109941755 2387367924 1113421140 2657172313 2909905311 404639545 2805943201 1391067667 ]
# 941672a02:26f0:eb:19c::/68
id[1162587421 504417475 1953606149 2805593513 2553635813 1924524950 26873844 3220182681 ]
id[1162587421 504417475 1953606149 2805593513 2553635813 1924524950 26873844 3220182681 ]
# 941932a02:26f0:eb:1b6::/68
id[846835045 1416619769 2036097020 2511604328 481182701 4064811573 2709238824 507974098 ]
id[846835045 1416619769 2036097020 2511604328 481182701 4064811573 2709238824 507974098 ]
# 942032a02:26f0:eb:386::/68
id[2145934587 787689489 3909684521 1638808543 3820216577 1074113660 1853764570 2653404560 ]
id[2145934587 787689489 3909684521 1638808543 3820216577 1074113660 1853764570 2653404560 ]
# 941632a02:26f0:eb:198::/68
id[3994776730 3523180452 3869274436 1471874521 3948288061 861105207 1456530658 1609071091 ]
id[3994776730 3523180452 3869274436 1471874521 3948288061 861105207 1456530658 1609071091 ]
# 941642a02:26f0:eb:199::/68
id[4159085050 3580306755 3654006478 880371077 3380780689 1237544090 344146296 3017394656 ]
id[4159085050 3580306755 3654006478 880371077 3380780689 1237544090 344146296 3017394656 ]
# 942012a02:26f0:eb:384::/68
id[716742753 3692091508 4207187094 142853812 950397589 4028073307 2228645854 2291489104 ]
id[716742753 3692091508 4207187094 142853812 950397589 4028073307 2228645854 2291489104 ]
# 941882a02:26f0:eb:1b1::/68
id[1525603714 2451124238 3317509548 3415281869 379277199 3231362016 833353775 2963619208 ]
id[1525603714 2451124238 3317509548 3415281869 379277199 3231362016 833353775 2963619208 ]
# 941802a02:26f0:eb:1a9::/68
id[1773041496 2350376933 2832350896 2857302346 2399050460 2655128942 1255138728 179832733 ]
id[1773041496 2350376933 2832350896 2857302346 2399050460 2655128942 1255138728 179832733 ]
# 942002a02:26f0:eb:383::/68
id[1172838803 1773957786 2460109306 561118492 269853603 2993795185 2759632795 4244919012 ]
id[1172838803 1773957786 2460109306 561118492 269853603 2993795185 2759632795 4244919012 ]
# 941972a02:26f0:eb:380::/68
id[2043211611 200821415 3589959278 3515832770 1668774326 3656123430 2136263545 234771194 ]
id[2043211611 200821415 3589959278 3515832770 1668774326 3656123430 2136263545 234771194 ]
# 941712a02:26f0:eb:1a0::/68
id[2657324654 915789424 1280210186 2435063944 2794397226 3159759837 1259241614 2107190975 ]
id[2657324654 915789424 1280210186 2435063944 2794397226 3159759837 1259241614 2107190975 ]
# 941612a02:26f0:eb:196::/68
id[3435304892 1492109444 3026327208 2872005070 2305837259 2418417665 72779669 1658946388 ]
id[3435304892 1492109444 3026327208 2872005070 2305837259 2418417665 72779669 1658946388 ]
# 941622a02:26f0:eb:197::/68
id[3855621990 1247324657 2900241314 338677836 2822492227 1352247469 4255129564 2103730400 ]
id[3855621990 1247324657 2900241314 338677836 2822492227 1352247469 4255129564 2103730400 ]
# 941962a02:26f0:eb:1b9::/68
id[447735431 3620534953 2405591974 3185510612 2806126835 362094523 995625947 988141879 ]
id[447735431 3620534953 2405591974 3185510612 2806126835 362094523 995625947 988141879 ]
# 941852a02:26f0:eb:1ae::/68
id[891176824 3597001850 1913579173 231975873 702143417 3459646416 3764266844 3183993873 ]
id[891176824 3597001850 1913579173 231975873 702143417 3459646416 3764266844 3183993873 ]
# 941952a02:26f0:eb:1b8::/68
id[2308486190 3366903936 1131834367 1932539833 2947222708 2690879024 3230590830 1140825901 ]
id[2308486190 3366903936 1131834367 1932539833 2947222708 2690879024 3230590830 1140825901 ]
# 942042a02:26f0:eb:387::/68
id[3722401672 251250373 138659678 3553080728 3251608385 3138446912 3744825919 1714480013 ]
id[3722401672 251250373 138659678 3553080728 3251608385 3138446912 3744825919 1714480013 ]
# 942402a02:26f0:eb:3ab::/68
id[728952634 2596527038 2391295918 1128952903 2776227824 1995813669 3568467029 1934253334 ]
id[728952634 2596527038 2391295918 1128952903 2776227824 1995813669 3568467029 1934253334 ]
# 942672a02:26f0:f1:292::/68
id[4042659273 1754953514 2776153019 3179385922 1647120882 20807385 3012900283 1835981774 ]
id[4042659273 1754953514 2776153019 3179385922 1647120882 20807385 3012900283 1835981774 ]
# 942112a02:26f0:eb:38e::/68
id[68398935 751193220 3429764750 1379798169 1735915818 3481035948 1990109749 2913237433 ]
id[68398935 751193220 3429764750 1379798169 1735915818 3481035948 1990109749 2913237433 ]
# 942412a02:26f0:eb:3ac::/68
id[2784663630 3558730640 4093867426 257143142 3653063197 2358020959 1512278088 2820033657 ]
id[2784663630 3558730640 4093867426 257143142 3653063197 2358020959 1512278088 2820033657 ]
# 942422a02:26f0:eb:3ad::/68
id[3425364343 387700917 1332745103 1606240378 4180523971 814978195 2018955030 3053294030 ]
id[3425364343 387700917 1332745103 1606240378 4180523971 814978195 2018955030 3053294030 ]
# 942372a02:26f0:eb:3a8::/68
id[1321888711 2318034208 313087961 2641499963 370045233 3813264470 2200500418 1239048669 ]
id[1321888711 2318034208 313087961 2641499963 370045233 3813264470 2200500418 1239048669 ]
# 942382a02:26f0:eb:3a9::/68
id[833126580 246270650 3888956348 2296763078 4141112021 85055968 3703731550 2900341438 ]
id[833126580 246270650 3888956348 2296763078 4141112021 85055968 3703731550 2900341438 ]
# 942362a02:26f0:eb:3a7::/68
id[3601108434 963365204 1492195867 2981145105 340472291 2691031143 582696372 4233772320 ]
id[3601108434 963365204 1492195867 2981145105 340472291 2691031143 582696372 4233772320 ]
# 942182a02:26f0:eb:395::/68
id[2800867983 3852942771 1343395113 998954263 1768529064 494863112 846393702 1304590317 ]
id[2800867983 3852942771 1343395113 998954263 1768529064 494863112 846393702 1304590317 ]
# 942712a02:26f0:f1:296::/68
id[2234310414 656399536 565688002 210036760 2933323223 3993567716 210036834 3128060511 ]
id[2234310414 656399536 565688002 210036760 2933323223 3993567716 210036834 3128060511 ]
# 942322a02:26f0:eb:3a3::/68
id[3077109698 1790922209 1306726773 1411124836 309426829 2269698413 4256844476 557731272 ]
id[3077109698 1790922209 1306726773 1411124836 309426829 2269698413 4256844476 557731272 ]
# 942282a02:26f0:eb:39f::/68
id[230981544 1799928159 2008067875 474468452 801352546 2726503699 917347376 3771468897 ]
id[230981544 1799928159 2008067875 474468452 801352546 2726503699 917347376 3771468897 ]
# 942632a02:26f0:f1:28e::/68
id[632104907 2654291105 2606046411 1015699066 1020505884 1559679762 2821877419 2376037596 ]
id[632104907 2654291105 2606046411 1015699066 1020505884 1559679762 2821877419 2376037596 ]
# 942542a02:26f0:f1:283::/68
id[2595013753 2846220161 2988382042 1534525369 3917930824 1865870783 3094533146 2963531839 ]
id[2595013753 2846220161 2988382042 1534525369 3917930824 1865870783 3094533146 2963531839 ]
# 942242a02:26f0:eb:39b::/68
id[2458895798 699797037 2582776432 1053987852 1522949059 1825050654 1662798404 3131463912 ]
id[2458895798 699797037 2582776432 1053987852 1522949059 1825050654 1662798404 3131463912 ]
# 942572a02:26f0:f1:287::/68
id[4100924059 2212120270 2400565494 2257633119 1528786624 1284783863 565954389 3536553584 ]
id[4100924059 2212120270 2400565494 2257633119 1528786624 1284783863 565954389 3536553584 ]
# 942192a02:26f0:eb:396::/68
id[2121169679 256382136 3940816292 3751154233 3820505445 1125425807 3976913987 2815705697 ]
id[2121169679 256382136 3940816292 3751154233 3820505445 1125425807 3976913987 2815705697 ]
# 942302a02:26f0:eb:3a1::/68
id[3823668967 578412191 18918770 1334505918 1404992854 2723005492 3483596903 4051277965 ]
id[3823668967 578412191 18918770 1334505918 1404992854 2723005492 3483596903 4051277965 ]
# 942102a02:26f0:eb:38d::/68
id[98476009 1039604158 2828741958 2746431322 2241723600 1504858170 3529139032 582225194 ]
id[98476009 1039604158 2828741958 2746431322 2241723600 1504858170 3529139032 582225194 ]
# 942522a02:26f0:f1:281::/68
id[3433586193 3604158222 107631833 544098638 2551468062 221862712 2017110129 2270901549 ]
id[3433586193 3604158222 107631833 544098638 2551468062 221862712 2017110129 2270901549 ]
# 942232a02:26f0:eb:39a::/68
id[3024943744 4291031702 428658182 315506651 1780845398 3657625466 706309773 42573937 ]
id[3024943744 4291031702 428658182 315506651 1780845398 3657625466 706309773 42573937 ]
# 942222a02:26f0:eb:399::/68
id[3394148060 2352775976 603880503 1454991651 2775540383 1471118644 4081113833 607765433 ]
id[3394148060 2352775976 603880503 1454991651 2775540383 1471118644 4081113833 607765433 ]
# 942562a02:26f0:f1:286::/68
id[2575325968 148858939 1953229026 3840826796 4200236514 518874969 1093848792 598775282 ]
id[2575325968 148858939 1953229026 3840826796 4200236514 518874969 1093848792 598775282 ]
# 942392a02:26f0:eb:3aa::/68
id[3961129707 191158725 3745203688 1062178379 3512445626 4050428946 671122778 732599713 ]
id[3961129707 191158725 3745203688 1062178379 3512445626 4050428946 671122778 732599713 ]
# 942432a02:26f0:eb:3ae::/68
id[275745098 1472012562 2271757163 3220705001 3614601706 4177100824 2942643403 2152923615 ]
id[275745098 1472012562 2271757163 3220705001 3614601706 4177100824 2942643403 2152923615 ]
# 942622a02:26f0:f1:28d::/68
id[1379294016 3311641635 4236603505 3787880448 846592927 1733614390 2626047624 2149356407 ]
id[1379294016 3311641635 4236603505 3787880448 846592927 1733614390 2626047624 2149356407 ]
# 942122a02:26f0:eb:38f::/68
id[2008313318 2852965643 2107834662 1883465243 1999825356 2931280320 2290580164 2221058563 ]
id[2008313318 2852965643 2107834662 1883465243 1999825356 2931280320 2290580164 2221058563 ]
# 942462a02:26f0:eb:3b1::/68
id[680395666 2567453802 726416084 2551201639 2785346571 955153364 607668611 4195490774 ]
id[680395666 2567453802 726416084 2551201639 2785346571 955153364 607668611 4195490774 ]
# 942722a02:26f0:f1:297::/68
id[3147577277 1598973743 879321473 3459883959 1793259887 2529966032 3608793844 1312906928 ]
id[3147577277 1598973743 879321473 3459883959 1793259887 2529966032 3608793844 1312906928 ]
# 942642a02:26f0:f1:28f::/68
id[4127116642 1990918662 1514205592 1535039032 789325346 3928441377 2643302222 322308528 ]
id[4127116642 1990918662 1514205592 1535039032 789325346 3928441377 2643302222 322308528 ]
# 942602a02:26f0:f1:28a::/68
id[4219307169 1737805077 2969150730 3041448117 2875992189 2765600363 3729352879 2004838804 ]
id[4219307169 1737805077 2969150730 3041448117 2875992189 2765600363 3729352879 2004838804 ]
# 942532a02:26f0:f1:282::/68
id[3439224888 1578597399 1467846799 3398503187 3599229104 2393689549 2477740617 1647406393 ]
id[3439224888 1578597399 1467846799 3398503187 3599229104 2393689549 2477740617 1647406393 ]
# 942512a02:26f0:f1:280::/68
id[3870625471 3701960715 2894334613 836649612 3076031983 991687638 3960535116 12879731 ]
id[3870625471 3701960715 2894334613 836649612 3076031983 991687638 3960535116 12879731 ]
# 942252a02:26f0:eb:39c::/68
id[3775803449 3470577792 3883032901 1658677193 272069370 696572171 284980268 2639161348 ]
id[3775803449 3470577792 3883032901 1658677193 272069370 696572171 284980268 2639161348 ]
# 942482a02:26f0:eb:3b3::/68
id[4285903963 953422040 2394690425 138167744 2325277893 4200431860 3112220174 1975511476 ]
id[4285903963 953422040 2394690425 138167744 2325277893 4200431860 3112220174 1975511476 ]
# 942342a02:26f0:eb:3a5::/68
id[1677989364 1760088757 572064487 2460078470 1053062449 950697580 2102030420 183714022 ]
id[1677989364 1760088757 572064487 2460078470 1053062449 950697580 2102030420 183714022 ]
# 942662a02:26f0:f1:291::/68
id[1636784487 1238309643 437878655 2229777721 271680491 426004205 1188114315 539197615 ]
id[1636784487 1238309643 437878655 2229777721 271680491 426004205 1188114315 539197615 ]
# 942472a02:26f0:eb:3b2::/68
id[2518002246 888592626 1454102072 2548998405 1138488936 1782441285 2564833572 3820659228 ]
id[2518002246 888592626 1454102072 2548998405 1138488936 1782441285 2564833572 3820659228 ]
# 942652a02:26f0:f1:290::/68
id[4092872880 3825542612 750272339 25954819 3456864938 4209880454 381412234 1603969166 ]
id[4092872880 3825542612 750272339 25954819 3456864938 4209880454 381412234 1603969166 ]
# 942492a02:26f0:eb:3b4::/68
id[2235533380 19799910 2350036659 2299512958 1358429543 318776001 994456279 186303804 ]
id[2235533380 19799910 2350036659 2299512958 1358429543 318776001 994456279 186303804 ]
# 942612a02:26f0:f1:28b::/68
id[2603560151 1929882271 1892973714 120938285 626013711 1927715498 1043698078 1866528432 ]
id[2603560151 1929882271 1892973714 120938285 626013711 1927715498 1043698078 1866528432 ]
# 942292a02:26f0:eb:3a0::/68
id[3921069440 2321403653 4154740412 1632360047 1176502026 2339029152 1316091076 2773324828 ]
id[3921069440 2321403653 4154740412 1632360047 1176502026 2339029152 1316091076 2773324828 ]
# 942682a02:26f0:f1:293::/68
id[642202757 156745950 4289909244 3711370449 3517238623 25773485 432313591 271609293 ]
id[642202757 156745950 4289909244 3711370449 3517238623 25773485 432313591 271609293 ]
# 942442a02:26f0:eb:3af::/68
id[3897409603 2596325227 1143303989 1178945710 3478879519 1934446701 4145277097 446740539 ]
id[3897409603 2596325227 1143303989 1178945710 3478879519 1934446701 4145277097 446740539 ]
# 942142a02:26f0:eb:391::/68
id[4043892721 1068133238 777291080 927225803 958211953 3037923947 1805993878 3124626856 ]
id[4043892721 1068133238 777291080 927225803 958211953 3037923947 1805993878 3124626856 ]
# 942742a02:26f0:f1:299::/68
id[4159476040 3491152432 2957143540 2902414124 2414850403 3607884640 3814883948 2764229961 ]
id[4159476040 3491152432 2957143540 2902414124 2414850403 3607884640 3814883948 2764229961 ]
# 943032a02:26f0:f4:389::/68
id[1205770910 2813927616 2430813356 1856914051 2138883515 3530593003 547089800 2764056018 ]
id[1205770910 2813927616 2430813356 1856914051 2138883515 3530593003 547089800 2764056018 ]
# 942902a02:26f0:f4:295::/68
id[2610903374 3408122489 2281953183 17232594 450000513 813159878 448163382 2416968915 ]
id[2610903374 3408122489 2281953183 17232594 450000513 813159878 448163382 2416968915 ]
# 943022a02:26f0:f4:387::/68
id[2767688479 2264676864 2181518444 1175755372 3013865419 1951089120 948816924 457295036 ]
id[2767688479 2264676864 2181518444 1175755372 3013865419 1951089120 948816924 457295036 ]
# 943092a02:26f0:f4:391::/68
id[3989800449 3903566053 726383381 2792668159 1780499968 724312838 691219436 3215424558 ]
id[3989800449 3903566053 726383381 2792668159 1780499968 724312838 691219436 3215424558 ]
# 942752a02:26f0:f1:29a::/68
id[4153773227 2886966842 4199691957 1175003408 3845040962 2983500124 938191935 1617694100 ]
id[4153773227 2886966842 4199691957 1175003408 3845040962 2983500124 938191935 1617694100 ]
# 942932a02:26f0:f4:299::/68
id[4024651543 3514042148 2557409431 3396426541 3714245833 2183757944 4132750369 3428788398 ]
id[4024651543 3514042148 2557409431 3396426541 3714245833 2183757944 4132750369 3428788398 ]
# 942882a02:26f0:f4:291::/68
id[1182950989 870720146 449302268 1598072231 2643509968 2076420322 1572179088 3759210809 ]
id[1182950989 870720146 449302268 1598072231 2643509968 2076420322 1572179088 3759210809 ]
# 942822a02:26f0:f4:282::/68
id[1228290466 1434408293 2152691596 495054175 521974864 993891113 2485115823 2633682321 ]
id[1228290466 1434408293 2152691596 495054175 521974864 993891113 2485115823 2633682321 ]
# 942762a02:26f0:f1:29b::/68
id[2085292935 1485088116 2717692961 3614137342 3442547064 1160375770 3989146476 4207876468 ]
id[2085292935 1485088116 2717692961 3614137342 3442547064 1160375770 3989146476 4207876468 ]
# 943082a02:26f0:f4:390::/68
id[2124405873 3454101000 732477529 2180935954 2827755126 1578711727 2104733835 2255540000 ]
id[2124405873 3454101000 732477529 2180935954 2827755126 1578711727 2104733835 2255540000 ]
# 943042a02:26f0:f4:38b::/68
id[1437476504 620970749 522610885 2464278930 3237946411 261560421 2775283705 2950143920 ]
id[1437476504 620970749 522610885 2464278930 3237946411 261560421 2775283705 2950143920 ]
# 942922a02:26f0:f4:298::/68
id[1291066168 4265674369 1767299027 1314185826 1980757708 709233188 2673724467 19893560 ]
id[1291066168 4265674369 1767299027 1314185826 1980757708 709233188 2673724467 19893560 ]
# 942952a02:26f0:f4:2a1::/68
id[983138544 4061693958 3245033487 4186299976 2232653207 3766593077 1951965376 1880649628 ]
id[983138544 4061693958 3245033487 4186299976 2232653207 3766593077 1951965376 1880649628 ]
# 942782a02:26f0:f1:29d::/68
id[2626152798 3730820456 3133016670 466302120 2381158276 2280500064 1716850789 389147475 ]
id[2626152798 3730820456 3133016670 466302120 2381158276 2280500064 1716850789 389147475 ]
# 942982a02:26f0:f4:383::/68
id[2704213389 521477339 4221959507 900733 2414396746 2166850628 1153652443 1130032053 ]
id[2704213389 521477339 4221959507 900733 2414396746 2166850628 1153652443 1130032053 ]
# 942992a02:26f0:f4:384::/68
id[2831506971 3542150724 1880013807 3556696390 943003354 1370291312 2963575355 1521822287 ]
id[2831506971 3542150724 1880013807 3556696390 943003354 1370291312 2963575355 1521822287 ]
# 942772a02:26f0:f1:29c::/68
id[1831205596 496425015 2529675471 2341463284 1055660425 2778482606 3328947659 160113847 ]
id[1831205596 496425015 2529675471 2341463284 1055660425 2778482606 3328947659 160113847 ]
# 943012a02:26f0:f4:386::/68
id[5494366 2618337558 2317315628 1436092977 314267951 1773912307 3274227921 3050349589 ]
id[5494366 2618337558 2317315628 1436092977 314267951 1773912307 3274227921 3050349589 ]
# 942862a02:26f0:f4:28f::/68
id[4037636988 267116817 4278496095 2745423858 1247172780 3977267372 95009238 4156075437 ]
id[4037636988 267116817 4278496095 2745423858 1247172780 3977267372 95009238 4156075437 ]
# 942962a02:26f0:f4:380::/68
id[1727474749 119234579 3810871348 2886807122 935768429 2455269826 3883890568 1660758770 ]
id[1727474749 119234579 3810871348 2886807122 935768429 2455269826 3883890568 1660758770 ]
# 942812a02:26f0:f4:281::/68
id[1125783136 1310990018 930900179 1454225371 1800305402 51211448 2361344647 3126643455 ]
id[1125783136 1310990018 930900179 1454225371 1800305402 51211448 2361344647 3126643455 ]
# 942802a02:26f0:f1:29f::/68
id[2657561291 3236181234 3110401449 2437483448 1473408963 606646075 4267892106 665516020 ]
id[2657561291 3236181234 3110401449 2437483448 1473408963 606646075 4267892106 665516020 ]
# 943072a02:26f0:f4:38f::/68
id[1719112452 996191749 193095763 1727450713 996193237 1571383574 354124583 902748313 ]
id[1719112452 996191749 193095763 1727450713 996193237 1571383574 354124583 902748313 ]
# 942732a02:26f0:f1:298::/68
id[3702558348 1656591972 2041284032 703165538 2119433727 2196352749 1775658422 1146299080 ]
id[3702558348 1656591972 2041284032 703165538 2119433727 2196352749 1775658422 1146299080 ]
# 942872a02:26f0:f4:290::/68
id[3422369194 3496258280 2918256549 1530061947 3477563794 3170672270 2366498257 1487821539 ]
id[3422369194 3496258280 2918256549 1530061947 3477563794 3170672270 2366498257 1487821539 ]
# 942792a02:26f0:f1:29e::/68
id[3975777059 1137198771 4147051691 1674349017 3848501990 3805923353 3505482027 3400898554 ]
id[3975777059 1137198771 4147051691 1674349017 3848501990 3805923353 3505482027 3400898554 ]
# 943002a02:26f0:f4:385::/68
id[1617206452 1748568901 255010052 2900755191 3271904333 3326887788 3574997976 3359089687 ]
id[1617206452 1748568901 255010052 2900755191 3271904333 3326887788 3574997976 3359089687 ]
# 942942a02:26f0:f4:2a0::/68
id[1703759259 1968873368 1531430320 2371356980 2724445007 3362000024 2738636234 1111306958 ]
id[1703759259 1968873368 1531430320 2371356980 2724445007 3362000024 2738636234 1111306958 ]
# 942852a02:26f0:f4:28b::/68
id[2113649381 1350552192 771777352 3219074219 3441544385 4025010320 2922480495 206487236 ]
id[2113649381 1350552192 771777352 3219074219 3441544385 4025010320 2922480495 206487236 ]
# 943062a02:26f0:f4:38e::/68
id[299789781 2263053262 819098544 124909066 1190947701 4261598495 289833790 1221578547 ]
id[299789781 2263053262 819098544 124909066 1190947701 4261598495 289833790 1221578547 ]
# 942892a02:26f0:f4:292::/68
id[1660708578 1517878883 2800531084 1094431056 3682716864 4022426680 2224510553 879559682 ]
id[1660708578 1517878883 2800531084 1094431056 3682716864 4022426680 2224510553 879559682 ]
# 943652600:1406:20:18f::/72
id[2085628051 2755579045 533175215 4028364467 1557741325 3255031502 2283360957 1815651689 ]
id[2085628051 2755579045 533175215 4028364467 1557741325 3255031502 2283360957 1815651689 ]
# 943522600:1406:20:182::/72
id[219442538 3663246306 1699058305 3155769789 907279772 397153188 1748615065 2459913910 ]
id[219442538 3663246306 1699058305 3155769789 907279772 397153188 1748615065 2459913910 ]
# 943722600:1406:20:196::/72
id[1804885298 892169186 815675754 1887557129 1065608032 1097214904 230589206 574045806 ]
id[1804885298 892169186 815675754 1887557129 1065608032 1097214904 230589206 574045806 ]
# 943562600:1406:20:186::/72
id[106516858 707957475 357828829 565496222 1682576074 704451640 4234515307 2573604291 ]
id[106516858 707957475 357828829 565496222 1682576074 704451640 4234515307 2573604291 ]
# 943932600:1406:3c:38b::/72
id[2062587309 162964445 963145441 177630933 828967346 2777407984 4230409817 1849017194 ]
id[2062587309 162964445 963145441 177630933 828967346 2777407984 4230409817 1849017194 ]
# 943682600:1406:20:192::/72
id[706476630 2341102960 1529911796 2343402124 3621689515 3240715288 289304406 2263853090 ]
id[706476630 2341102960 1529911796 2343402124 3621689515 3240715288 289304406 2263853090 ]
# 943622600:1406:20:18c::/72
id[2556854638 1748595974 1494126392 3973779973 2339839562 3280496198 1429436408 1279296949 ]
id[2556854638 1748595974 1494126392 3973779973 2339839562 3280496198 1429436408 1279296949 ]
# 943912600:1406:3c:389::/72
id[4282610234 1260534232 2536848815 3549656788 2634375493 2090563889 3677898433 3493107743 ]
id[4282610234 1260534232 2536848815 3549656788 2634375493 2090563889 3677898433 3493107743 ]
# 943502600:1406:20:180::/72
id[3225474351 3201149831 634153581 442860758 3991395097 4207138299 3791052434 3345523867 ]
id[3225474351 3201149831 634153581 442860758 3991395097 4207138299 3791052434 3345523867 ]
# 943802600:1406:20:1a2::/72
id[3975762752 3060273168 3701908664 2735752453 320503454 463405230 2747294247 2664421090 ]
id[3975762752 3060273168 3701908664 2735752453 320503454 463405230 2747294247 2664421090 ]
# 943692600:1406:20:193::/72
id[764702376 3835067665 2331737595 1406456491 3325302066 3656610419 3502692472 490270595 ]
id[764702376 3835067665 2331737595 1406456491 3325302066 3656610419 3502692472 490270595 ]
# 943532600:1406:20:183::/72
id[3866658080 3591977687 1139357065 4148379066 199939758 1931929873 1453914677 3640364843 ]
id[3866658080 3591977687 1139357065 4148379066 199939758 1931929873 1453914677 3640364843 ]
# 943822600:1406:3c:380::/72
id[702902626 2756356189 122330087 439963824 3313571326 2009088986 705221789 28834299 ]
id[702902626 2756356189 122330087 439963824 3313571326 2009088986 705221789 28834299 ]
# 943992600:1406:3c:391::/72
id[3701254526 2858099318 3514252028 3882331794 660557391 1889805565 883831227 205580121 ]
id[3701254526 2858099318 3514252028 3882331794 660557391 1889805565 883831227 205580121 ]
# 943972600:1406:3c:38f::/72
id[2127389275 2129625263 1994098984 3797674600 2520724635 1637667370 3410988118 855412331 ]
id[2127389275 2129625263 1994098984 3797674600 2520724635 1637667370 3410988118 855412331 ]
# 943762600:1406:20:19a::/72
id[1873240123 3542638942 1345389245 2704712072 3237833493 2813814598 3506678808 2435727913 ]
id[1873240123 3542638942 1345389245 2704712072 3237833493 2813814598 3506678808 2435727913 ]
# 943982600:1406:3c:390::/72
id[3395640799 2292664896 450802330 1316047625 3148009373 3848029269 3376148755 912400702 ]
id[3395640799 2292664896 450802330 1316047625 3148009373 3848029269 3376148755 912400702 ]
# 943882600:1406:3c:386::/72
id[1380275130 3016070839 2793812187 1477562357 935384825 2245780831 3080002931 2089009599 ]
id[1380275130 3016070839 2793812187 1477562357 935384825 2245780831 3080002931 2089009599 ]
# 943952600:1406:3c:38d::/72
id[2957358843 2729489682 1565460559 3902530813 98853866 3670650559 1781786629 57021126 ]
id[2957358843 2729489682 1565460559 3902530813 98853866 3670650559 1781786629 57021126 ]
# 944002600:1406:3c:392::/72
id[4147074768 2488393360 811975907 3660571314 3245979164 3931596099 3445669162 1853546294 ]
id[4147074768 2488393360 811975907 3660571314 3245979164 3931596099 3445669162 1853546294 ]
# 944632600:1406:e800:39b::/72
id[2092989415 1964812761 1712991696 2529948835 714727609 1033162663 1666692462 208688194 ]
id[2092989415 1964812761 1712991696 2529948835 714727609 1033162663 1666692462 208688194 ]
# 944382600:1406:e800:2a3::/72
id[4091883487 2811917125 1338449046 2597331114 2533492666 3458992313 2857958035 2838365740 ]
id[4091883487 2811917125 1338449046 2597331114 2533492666 3458992313 2857958035 2838365740 ]
# 944582600:1406:e800:395::/72
id[3214444156 3258562589 3825589727 1391936783 1547908958 317415889 476284470 2988577606 ]
id[3214444156 3258562589 3825589727 1391936783 1547908958 317415889 476284470 2988577606 ]
# 944432600:1406:e800:384::/72
id[2062002137 3987388388 4127811267 4068713148 2278367923 3492489942 1226562177 3649882992 ]
id[2062002137 3987388388 4127811267 4068713148 2278367923 3492489942 1226562177 3649882992 ]
# 944182600:1406:3c:3a4::/72
id[39037224 119472192 905001106 2407993423 2200940609 286255069 24982078 3253845544 ]
id[39037224 119472192 905001106 2407993423 2200940609 286255069 24982078 3253845544 ]
# 944452600:1406:e800:386::/72
id[3586014701 3873020120 1741193454 551233530 2888580155 1514930213 1109097851 3037330160 ]
id[3586014701 3873020120 1741193454 551233530 2888580155 1514930213 1109097851 3037330160 ]
# 944322600:1406:40:382::/72
id[1077876474 743774255 129303362 4258192942 3852742202 2357147236 1515576626 4100393585 ]
id[1077876474 743774255 129303362 4258192942 3852742202 2357147236 1515576626 4100393585 ]
# 944062600:1406:3c:398::/72
id[3310250024 2355870274 3567439989 1352205100 2669430981 1501218155 2655782333 1161811414 ]
id[3310250024 2355870274 3567439989 1352205100 2669430981 1501218155 2655782333 1161811414 ]
# 944642600:1406:e800:39c::/72
id[256515797 4274032878 3713762890 84052571 1132596203 3341455970 1294011841 3066829352 ]
id[256515797 4274032878 3713762890 84052571 1132596203 3341455970 1294011841 3066829352 ]
# 944232600:1406:3c:3a9::/72
id[4282621707 40861905 4218484884 1614316939 1200244193 796194506 2558587473 1342938329 ]
id[4282621707 40861905 4218484884 1614316939 1200244193 796194506 2558587473 1342938329 ]
# 944052600:1406:3c:397::/72
id[2991034953 676147191 1923330595 467357123 3586006473 728636775 2190309440 1953031774 ]
id[2991034953 676147191 1923330595 467357123 3586006473 728636775 2190309440 1953031774 ]
# 944032600:1406:3c:395::/72
id[2211911157 2545047426 1234272834 1570832952 1208073752 3147887877 937460775 650816044 ]
id[2211911157 2545047426 1234272834 1570832952 1208073752 3147887877 937460775 650816044 ]
# 944242600:1406:3c:3aa::/72
id[511090817 2615008269 8827689 1648236291 2620002422 1812611861 1762186017 316807382 ]
id[511090817 2615008269 8827689 1648236291 2620002422 1812611861 1762186017 316807382 ]
# 944292600:1406:3c:3af::/72
id[2111979957 3866314840 157148476 3728732171 3622752890 2433175147 404593856 120307474 ]
id[2111979957 3866314840 157148476 3728732171 3622752890 2433175147 404593856 120307474 ]
# 944342600:1406:40:384::/72
id[3151677121 3962002034 670081631 3962718519 3457959888 653554016 458458959 2484614492 ]
id[3151677121 3962002034 670081631 3962718519 3457959888 653554016 458458959 2484614492 ]
# 944422600:1406:e800:383::/72
id[1061119939 900806110 3817890407 2379992138 2122992136 2476812935 224126318 3035080359 ]
id[1061119939 900806110 3817890407 2379992138 2122992136 2476812935 224126318 3035080359 ]
# 944262600:1406:3c:3ac::/72
id[2612005737 50482628 673200227 541021259 835470776 3522977593 3350792503 3396154938 ]
id[2612005737 50482628 673200227 541021259 835470776 3522977593 3350792503 3396154938 ]
# 944112600:1406:3c:39d::/72
id[3258826436 2168458330 4287467124 2659662751 1337103941 2726099394 3679497201 2227257134 ]
id[3258826436 2168458330 4287467124 2659662751 1337103941 2726099394 3679497201 2227257134 ]
# 944092600:1406:3c:39b::/72
id[2400827623 3624163272 4088091137 4131111300 3340216817 3382042066 764877578 4157440906 ]
id[2400827623 3624163272 4088091137 4131111300 3340216817 3382042066 764877578 4157440906 ]
# 944512600:1406:e800:38d::/72
id[1838259877 2825749203 123302702 2015512604 3467977666 2446199281 4143097271 3199990746 ]
id[1838259877 2825749203 123302702 2015512604 3467977666 2446199281 4143097271 3199990746 ]
# 944962600:1409:6800:19f::/72
id[2926228512 3933537983 2030091669 3567045277 3299648215 1030259380 398658447 2270800322 ]
id[2926228512 3933537983 2030091669 3567045277 3299648215 1030259380 398658447 2270800322 ]
# 945222600:1409:d000:58d::/72
id[2434994428 3860959420 1952680523 1598731178 1740856786 1388660075 4012974801 1194974893 ]
id[2434994428 3860959420 1952680523 1598731178 1740856786 1388660075 4012974801 1194974893 ]
# 944882600:1409:6800:189::/72
id[1992905624 1305224135 3135123539 202156791 1517531072 2040957368 968537882 1001580078 ]
id[1992905624 1305224135 3135123539 202156791 1517531072 2040957368 968537882 1001580078 ]
# 944652600:1406:e800:39d::/72
id[2861050108 1064204143 957028947 3864663760 760622967 611419103 505404083 1342089284 ]
id[2861050108 1064204143 957028947 3864663760 760622967 611419103 505404083 1342089284 ]
# 945032600:1409:6800:1a7::/72
id[1598973721 2818862138 3320773645 2372599963 2945053527 781423524 3878345025 936825905 ]
id[1598973721 2818862138 3320773645 2372599963 2945053527 781423524 3878345025 936825905 ]
# 944692600:1406:e800:3a1::/72
id[735234993 1253164190 3526574336 1299470064 1868364959 2839432821 1309027934 229571637 ]
id[735234993 1253164190 3526574336 1299470064 1868364959 2839432821 1309027934 229571637 ]
# 944832600:1406:e800:3af::/72
id[316614912 52111537 823234237 3655603314 634301096 2851258039 4146469948 1868428896 ]
id[316614912 52111537 823234237 3655603314 634301096 2851258039 4146469948 1868428896 ]
# 944842600:1409:6800:181::/72
id[501496442 2431453125 1775321030 4161711749 1146211126 1969295918 1969298847 2529677023 ]
id[501496442 2431453125 1775321030 4161711749 1146211126 1969295918 1969298847 2529677023 ]
# 945202600:1409:d000:58b::/72
id[3173132442 3717446223 3856041920 3787107708 3690667565 1300127700 1010159377 1654576962 ]
id[3173132442 3717446223 3856041920 3787107708 3690667565 1300127700 1010159377 1654576962 ]
# 944922600:1409:6800:194::/72
id[1256827138 31645916 3045991344 2991554579 3506588393 4218714945 1931075234 1706670880 ]
id[1256827138 31645916 3045991344 2991554579 3506588393 4218714945 1931075234 1706670880 ]
# 945102600:1409:d000:581::/72
id[4195164117 3811252007 270775737 4216776868 3278077538 3870204211 3630158161 1677154969 ]
id[4195164117 3811252007 270775737 4216776868 3278077538 3870204211 3630158161 1677154969 ]
# 945262600:1409:d000:591::/72
id[1154665787 2116633500 3523492125 1894784100 161669107 1365997154 3091535307 3450424580 ]
id[1154665787 2116633500 3523492125 1894784100 161669107 1365997154 3091535307 3450424580 ]
# 945162600:1409:d000:587::/72
id[1520359559 1607134671 2447342654 2296228434 1085487836 1264676778 2354212406 1440304173 ]
id[1520359559 1607134671 2447342654 2296228434 1085487836 1264676778 2354212406 1440304173 ]
# 944672600:1406:e800:39f::/72
id[759933570 778312348 463571710 744300787 4211220745 1049355702 3126094514 3259156814 ]
id[759933570 778312348 463571710 744300787 4211220745 1049355702 3126094514 3259156814 ]
# 944742600:1406:e800:3a6::/72
id[3304233415 45887681 575328921 768559817 1103564982 4253111686 407453028 1566858561 ]
id[3304233415 45887681 575328921 768559817 1103564982 4253111686 407453028 1566858561 ]
# 944662600:1406:e800:39e::/72
id[3225311283 624498588 1166750294 4140936312 1854261247 1179021447 3777696918 1003296931 ]
id[3225311283 624498588 1166750294 4140936312 1854261247 1179021447 3777696918 1003296931 ]
# 944992600:1409:6800:1a2::/72
id[469705537 3692845408 3192688844 3826888900 1464670966 108094979 3718252687 671835063 ]
id[469705537 3692845408 3192688844 3826888900 1464670966 108094979 3718252687 671835063 ]
# 944792600:1406:e800:3ab::/72
id[468476975 2793484384 643679277 3712596500 2909995409 2749250617 3082675139 598591597 ]
id[468476975 2793484384 643679277 3712596500 2909995409 2749250617 3082675139 598591597 ]
# 945062600:1409:6800:1ab::/72
id[1035304620 4205752554 136989239 3503750502 3091071706 3933322661 2732868007 2659227397 ]
id[1035304620 4205752554 136989239 3503750502 3091071706 3933322661 2732868007 2659227397 ]
# 945022600:1409:6800:1a6::/72
id[3998390901 1499502856 3577266903 3614125874 3502538113 310968157 3725154326 118917640 ]
id[3998390901 1499502856 3577266903 3614125874 3502538113 310968157 3725154326 118917640 ]
# 945482600:1409:d000:5a9::/72
id[2990071190 3326863937 3686808875 3743464535 1750483255 3979662249 444362837 2978918394 ]
id[2990071190 3326863937 3686808875 3743464535 1750483255 3979662249 444362837 2978918394 ]
# 945522600:1409:d000:5af::/72
id[2962862380 601801135 1291026332 1165374770 817317334 2441426884 218554031 2068292117 ]
id[2962862380 601801135 1291026332 1165374770 817317334 2441426884 218554031 2068292117 ]
# 945302600:1409:d000:597::/72
id[3396789987 1548648070 1297930166 1323820167 479503746 4211243002 1270654766 1882968229 ]
id[3396789987 1548648070 1297930166 1323820167 479503746 4211243002 1270654766 1882968229 ]
# 945382600:1409:d000:59f::/72
id[4058663711 2660078184 3235496171 1891708153 825407312 3803051069 2170859846 2620381115 ]
id[4058663711 2660078184 3235496171 1891708153 825407312 3803051069 2170859846 2620381115 ]
