# 800372a0b:b87:ffc0::/64
id[2586368834 1665506022 1749961604 2714310715 1589486518 4118858236 2803284592 1530828102 ]
id[2586368834 1665506022 1749961604 2714310715 1589486518 4118858236 2803284592 1530828102 ]
# 800412a0c:3dc0::/64
id[1761325270 1148300755 3101168743 3481896470 4211378170 3685025875 2320703729 1317520900 ]
id[1761325270 1148300755 3101168743 3481896470 4211378170 3685025875 2320703729 1317520900 ]
# 800282a0b:6740:6::/64
id[884418435 2624318888 4055436498 1866677120 1162563722 4233414318 3348848759 1439343247 ]
id[884418435 2624318888 4055436498 1866677120 1162563722 4233414318 3348848759 1439343247 ]
# 800232a0b:6740:1::/64
id[2378124602 3435116104 3190425970 1329319065 3292258901 895751767 3456100684 534516135 ]
id[2378124602 3435116104 3190425970 1329319065 3292258901 895751767 3456100684 534516135 ]
# 800442a0c:4a40:329c:e51::/64
id[284031703 3065284217 519784348 3142842138 244549875 3724220108 988595979 2431573137 ]
id[284031703 3065284217 519784348 3142842138 244549875 3724220108 988595979 2431573137 ]
# 800492a0c:4a40:bfbd:eda3::/64
id[1850607319 3186954353 1025058603 4177185703 3211563065 2258361051 3520519908 2086598501 ]
id[1850607319 3186954353 1025058603 4177185703 3211563065 2258361051 3520519908 2086598501 ]
# 800392a0b:f300:407::/64
id[1396756600 4016952100 1142236311 3772493957 2209862620 1343787693 4160559793 3134046770 ]
id[1396756600 4016952100 1142236311 3772493957 2209862620 1343787693 4160559793 3134046770 ]
# 800252a0b:6740:3::/64
id[2756194727 2115463794 2424771412 1603878797 1854119128 2134912032 3064585964 2045055541 ]
id[2756194727 2115463794 2424771412 1603878797 1854119128 2134912032 3064585964 2045055541 ]
# 800262a0b:6740:4::/64
id[1669118167 1463640582 1253155400 2408585219 313384264 3253848672 2562401887 600667751 ]
id[1669118167 1463640582 1253155400 2408585219 313384264 3253848672 2562401887 600667751 ]
# 800292a0b:6740:7::/64
id[1286962800 1835079884 2941481390 81499619 1508256784 4291553831 3300197855 3743616015 ]
id[1286962800 1835079884 2941481390 81499619 1508256784 4291553831 3300197855 3743616015 ]
# 800272a0b:6740:5::/64
id[2516695725 2956093781 2844199459 1833468600 4055436504 2951466961 3028641267 379615955 ]
id[2516695725 2956093781 2844199459 1833468600 4055436504 2951466961 3028641267 379615955 ]
# 800942a0c:9ac0::/64
id[170943797 1494214542 3892502587 1139288479 3021471345 1861092915 3255742136 2966621669 ]
id[170943797 1494214542 3892502587 1139288479 3021471345 1861092915 3255742136 2966621669 ]
# 801162a0d:5280:f002::/64
id[1332170633 1332170704 1332170737 1332170888 1332170910 1332170995 1332171092 1332171148 ]
id[1332170633 1332170704 1332170737 1332170888 1332170910 1332170995 1332171092 1332171148 ]
# 800742a0c:583::/64
id[3316788769 1528859740 1460647933 936199430 3471658049 2578152809 2039916555 885830456 ]
id[3316788769 1528859740 1460647933 936199430 3471658049 2578152809 2039916555 885830456 ]
# 800762a0c:585:2e11:bf9c::/64
id[1160801130 2439189191 1612642311 642098090 3833326205 1466730318 3127174673 3645417975 ]
id[1160801130 2439189191 1612642311 642098090 3833326205 1466730318 3127174673 3645417975 ]
# 801152a0d:5082:6::/64
id[3195462186 2802628719 1008708856 947175456 3173990050 2670963928 1797849340 1498329100 ]
id[3195462186 2802628719 1008708856 947175456 3173990050 2670963928 1797849340 1498329100 ]
# 801272a0d:d382::/64
id[3530571340 3771115733 3676631483 4205072525 1951557498 2192154585 608329241 3270046387 ]
id[3530571340 3771115733 3676631483 4205072525 1951557498 2192154585 608329241 3270046387 ]
# 801542a0e:b107:2a0::/64
id[3817603657 413743619 640964440 1465007741 270733868 50799123 1620600054 1203181549 ]
id[3817603657 413743619 640964440 1465007741 270733868 50799123 1620600054 1203181549 ]
# 801692a0f:93c1:4::/64
id[579917340 3548537339 1866176898 703108355 305279883 2963911225 4142502647 4111827722 ]
id[579917340 3548537339 1866176898 703108355 305279883 2963911225 4142502647 4111827722 ]
# 802192a0f:c944::/64
id[2365500 3267057739 1168048349 3326496767 3539410466 3006554979 452636728 3346814163 ]
id[2365500 3267057739 1168048349 3326496767 3539410466 3006554979 452636728 3346814163 ]
# 802822a10:4dc0:403::/64
id[1254203828 2255830886 401269312 913979054 829677990 2493561396 3442433478 18609527 ]
id[1254203828 2255830886 401269312 913979054 829677990 2493561396 3442433478 18609527 ]
# 803182c0f:f738:2100::/64
id[1036139863 3455406882 1634931625 954416697 2075741690 1983347257 2743554144 3896335087 ]
id[1036139863 3455406882 1634931625 954416697 2075741690 1983347257 2743554144 3896335087 ]
# 803192c0f:f738:2180::/64
id[738733749 1336937096 1362681537 2841774108 3290425649 3864413810 129547481 3527026994 ]
id[738733749 1336937096 1362681537 2841774108 3290425649 3864413810 129547481 3527026994 ]
# 802792a10:4b44::/64
id[1974972601 1660468482 2101020199 2915742255 903824564 2115160055 3000311174 1284637066 ]
id[1974972601 1660468482 2101020199 2915742255 903824564 2115160055 3000311174 1284637066 ]
# 802752a10:2f01:2000::/64
id[75085352 2847963251 3194354174 829508043 2772626499 3531397474 1340547898 2609204630 ]
id[75085352 2847963251 3194354174 829508043 2772626499 3531397474 1340547898 2609204630 ]
# 803752600:1406:20:18d::/68
id[4239893789 1153131136 1468690535 3855594349 2335686788 1675925406 3942159683 2921379683 ]
id[4239893789 1153131136 1468690535 3855594349 2335686788 1675925406 3942159683 2921379683 ]
# 803802600:1406:20:192::/68
id[115814494 2285106234 2350106024 3902004858 2295240080 4007919016 404844889 3344670517 ]
id[115814494 2285106234 2350106024 3902004858 2295240080 4007919016 404844889 3344670517 ]
# 803712600:1406:20:189::/68
id[3341617903 3846261058 3155579808 17700364 3580653683 2742853080 836470265 1412030676 ]
id[3341617903 3846261058 3155579808 17700364 3580653683 2742853080 836470265 1412030676 ]
# 803732600:1406:20:18b::/68
id[2059083890 1937836679 2170142161 3678737732 3246350822 3759328848 1649983313 679602723 ]
id[2059083890 1937836679 2170142161 3678737732 3246350822 3759328848 1649983313 679602723 ]
# 803772600:1406:20:18f::/68
id[1599275523 2152339721 2112613623 4197278992 2146426179 436684957 1521920328 829873247 ]
id[1599275523 2152339721 2112613623 4197278992 2146426179 436684957 1521920328 829873247 ]
# 803832600:1406:20:195::/68
id[4252517690 3076547513 2821845636 3875608435 640164192 2121466804 1932348956 2975452998 ]
id[4252517690 3076547513 2821845636 3875608435 640164192 2121466804 1932348956 2975452998 ]
# 803742600:1406:20:18c::/68
id[2424909636 3020402648 1491107302 461546570 1244032325 1151049581 1150122735 2167857445 ]
id[2424909636 3020402648 1491107302 461546570 1244032325 1151049581 1150122735 2167857445 ]
# 803222c0f:fc00:b011:181::/64
id[3645240211 1516588724 3539325807 606716221 3658636690 738446143 108154974 3414809140 ]
id[3645240211 1516588724 3539325807 606716221 3658636690 738446143 108154974 3414809140 ]
# 803682600:1406:20:186::/68
id[1986595309 3159594656 2015338506 353711994 1737820552 2787806389 3631900341 969046969 ]
id[1986595309 3159594656 2015338506 353711994 1737820552 2787806389 3631900341 969046969 ]
# 803702600:1406:20:188::/68
id[2420778233 508362780 2053100197 3087106603 1277191967 3075291284 1024187092 2327917589 ]
id[2420778233 508362780 2053100197 3087106603 1277191967 3075291284 1024187092 2327917589 ]
# 803762600:1406:20:18e::/68
id[1814191471 1825192409 1530144626 1985358980 1782277817 3892043020 263361407 2675664514 ]
id[1814191471 1825192409 1530144626 1985358980 1782277817 3892043020 263361407 2675664514 ]
# 803252c0f:fc00:b011:186::/64
id[4259449236 3849854289 987819005 2610928111 3284518282 1126093200 3240957378 2695972819 ]
id[4259449236 3849854289 987819005 2610928111 3284518282 1126093200 3240957378 2695972819 ]
# 803262c0f:fc00:b011:187::/64
id[3582286303 2324751731 967331914 3955282214 1429414643 2665748075 2718522670 3044548569 ]
id[3582286303 2324751731 967331914 3955282214 1429414643 2665748075 2718522670 3044548569 ]
# 803622600:1406:20:180::/68
id[3393150630 3333412122 4042654843 706725939 1827801811 3188230344 1652348158 1639844038 ]
id[3393150630 3333412122 4042654843 706725939 1827801811 3188230344 1652348158 1639844038 ]
# 804302600:1406:3c:3a4::/68
id[3711098883 340421889 1381048564 23890221 2496901771 3535159538 336408601 804416962 ]
id[3711098883 340421889 1381048564 23890221 2496901771 3535159538 336408601 804416962 ]
# 803892600:1406:20:19b::/68
id[3206813289 77268502 4141320552 3399349882 2800152691 1777952927 2539981474 2235293162 ]
id[3206813289 77268502 4141320552 3399349882 2800152691 1777952927 2539981474 2235293162 ]
# 803942600:1406:3c:380::/68
id[682123363 881221861 2364073317 1782183064 3327150071 2383194864 1587102345 1351680480 ]
id[682123363 881221861 2364073317 1782183064 3327150071 2383194864 1587102345 1351680480 ]
# 804082600:1406:3c:38e::/68
id[1950843349 901031582 4134020394 2962420042 3050227886 3733624683 3249615717 1749275615 ]
id[1950843349 901031582 4134020394 2962420042 3050227886 3733624683 3249615717 1749275615 ]
# 804212600:1406:3c:39b::/68
id[3276408644 3397631304 858388367 837592476 907801506 1109978318 3756150348 3525771965 ]
id[3276408644 3397631304 858388367 837592476 907801506 1109978318 3756150348 3525771965 ]
# 804472600:1406:40:385::/68
id[1073921761 1312292894 676933929 3403187702 2580630916 3594927377 3311652669 3483533052 ]
id[1073921761 1312292894 676933929 3403187702 2580630916 3594927377 3311652669 3483533052 ]
# 803932600:1406:20:1a3::/68
id[2507266275 248027808 3741708691 3275949264 790766959 1969473588 569270789 858506313 ]
id[2507266275 248027808 3741708691 3275949264 790766959 1969473588 569270789 858506313 ]
# 804102600:1406:3c:390::/68
id[270705225 1071420977 2906575941 4248103720 224377023 3547927741 2235735436 926718520 ]
id[270705225 1071420977 2906575941 4248103720 224377023 3547927741 2235735436 926718520 ]
# 804092600:1406:3c:38f::/68
id[2044694472 2315719856 3211067143 2189560656 2654972597 2722268694 30498419 2344808494 ]
id[2044694472 2315719856 3211067143 2189560656 2654972597 2722268694 30498419 2344808494 ]
# 804432600:1406:40:381::/68
id[170819269 4124563304 575818746 515052440 3597185826 1544071709 1366010740 3418311785 ]
id[170819269 4124563304 575818746 515052440 3597185826 1544071709 1366010740 3418311785 ]
# 803902600:1406:20:19e::/68
id[1471895714 2187692655 3705853486 2671333195 1854719545 1613646782 3088039490 3590567970 ]
id[1471895714 2187692655 3705853486 2671333195 1854719545 1613646782 3088039490 3590567970 ]
# 804042600:1406:3c:38a::/68
id[1860618272 3923215168 2642264532 1034230008 32417872 2229155696 2802923431 3861997920 ]
id[1860618272 3923215168 2642264532 1034230008 32417872 2229155696 2802923431 3861997920 ]
# 804002600:1406:3c:386::/68
id[1415722295 486542455 1479214074 1381094183 2038680917 407289599 44608776 3444154018 ]
id[1415722295 486542455 1479214074 1381094183 2038680917 407289599 44608776 3444154018 ]
# 803982600:1406:3c:384::/68
id[1115394432 462562430 3420721658 41555328 1428068176 1335306702 3151270128 3656061424 ]
id[1115394432 462562430 3420721658 41555328 1428068176 1335306702 3151270128 3656061424 ]
# 804292600:1406:3c:3a3::/68
id[999302569 1319307656 4127570395 1284749417 2510968456 383930933 1186583849 383623422 ]
id[999302569 1319307656 4127570395 1284749417 2510968456 383930933 1186583849 383623422 ]
# 804492600:1406:e800:29f::/68
id[199623021 493962533 1963063348 3564711189 1912998620 815580975 1832698794 3394995769 ]
id[199623021 493962533 1963063348 3564711189 1912998620 815580975 1832698794 3394995769 ]
# 804672600:1406:e800:391::/68
id[897144825 2776371132 1505105013 4059643202 3729111703 1517255487 3245556119 2250940477 ]
id[897144825 2776371132 1505105013 4059643202 3729111703 1517255487 3245556119 2250940477 ]
# 804862600:1406:e800:3a6::/68
id[1346651350 70146533 3848816397 1143534198 3287234921 767800771 3404647370 3977216606 ]
id[1346651350 70146533 3848816397 1143534198 3287234921 767800771 3404647370 3977216606 ]
# 804902600:1406:e800:3aa::/68
id[3405794838 3315723016 107229210 1110294403 430907345 966330788 2241500602 2486241436 ]
id[3405794838 3315723016 107229210 1110294403 430907345 966330788 2241500602 2486241436 ]
# 804992600:1409:6800:188::/68
id[1635515852 3399381971 818506107 768233793 1172683084 2635878990 458616717 1777824724 ]
id[1635515852 3399381971 818506107 768233793 1172683084 2635878990 458616717 1777824724 ]
# 804792600:1406:e800:39f::/68
id[437300525 1812289457 626273048 2339950370 968028741 2377560787 639629358 370048007 ]
id[437300525 1812289457 626273048 2339950370 968028741 2377560787 639629358 370048007 ]
# 804882600:1406:e800:3a8::/68
id[471301096 2247361432 1627897944 3534509336 920362155 3535120593 1576461665 726901398 ]
id[471301096 2247361432 1627897944 3534509336 920362155 3535120593 1576461665 726901398 ]
# 804712600:1406:e800:396::/68
id[1817785720 3620253951 2232050399 3791867560 2783365974 616595298 2626074191 1374630231 ]
id[1817785720 3620253951 2232050399 3791867560 2783365974 616595298 2626074191 1374630231 ]
# 805042600:1409:6800:194::/68
id[1073988337 1119895018 1405384363 396602794 428989125 535274395 1916015078 125077420 ]
id[1073988337 1119895018 1405384363 396602794 428989125 535274395 1916015078 125077420 ]
# 804892600:1406:e800:3a9::/68
id[299980536 1884761020 1735114682 548326291 2240963581 4021773390 998497364 68854836 ]
id[299980536 1884761020 1735114682 548326291 2240963581 4021773390 998497364 68854836 ]
# 804552600:1406:e800:384::/68
id[1705896559 3345181278 2770316055 4045460431 1339827575 519321601 1705899501 3025715453 ]
id[1705896559 3345181278 2770316055 4045460431 1339827575 519321601 1705899501 3025715453 ]
# 804782600:1406:e800:39e::/68
id[1716798205 1565375051 1908926134 309802306 3686953202 2030381210 4092033195 3501987164 ]
id[1716798205 1565375051 1908926134 309802306 3686953202 2030381210 4092033195 3501987164 ]
# 804952600:1406:e800:3af::/68
id[561975923 1949777083 3832344506 2831278243 2140109968 3793720663 1889728 3978400076 ]
id[561975923 1949777083 3832344506 2831278243 2140109968 3793720663 1889728 3978400076 ]
# 804772600:1406:e800:39d::/68
id[4161265115 3164499918 135073980 979818844 2178262820 607508294 1212181097 3466440401 ]
id[4161265115 3164499918 135073980 979818844 2178262820 607508294 1212181097 3466440401 ]
# 804612600:1406:e800:38b::/68
id[1240412554 593588203 1326012640 1066601226 1884327138 2536191155 1315138137 3106208991 ]
id[1240412554 593588203 1326012640 1066601226 1884327138 2536191155 1315138137 3106208991 ]
# 805122600:1409:6800:1a3::/68
id[1986611666 3176785977 1338661376 3235809208 3656425814 1877973373 1953562512 2321152439 ]
id[1986611666 3176785977 1338661376 3235809208 3656425814 1877973373 1953562512 2321152439 ]
# 804742600:1406:e800:399::/68
id[1564388512 2352667017 2998196186 898765081 1587536863 4203967314 623203023 970680038 ]
id[1564388512 2352667017 2998196186 898765081 1587536863 4203967314 623203023 970680038 ]
# 804962600:1409:6800:181::/68
id[3028755301 3230149063 2487731994 2104030992 2061473387 26597175 399987122 752920342 ]
id[3028755301 3230149063 2487731994 2104030992 2061473387 26597175 399987122 752920342 ]
# 804872600:1406:e800:3a7::/68
id[182371325 2517811927 3992031792 2345061646 3344307417 3978338709 437447606 3126432762 ]
id[182371325 2517811927 3992031792 2345061646 3344307417 3978338709 437447606 3126432762 ]
# 804622600:1406:e800:38c::/68
id[2747673713 2109796399 303137359 1845977861 600072843 22072341 314593496 2137032977 ]
id[2747673713 2109796399 303137359 1845977861 600072843 22072341 314593496 2137032977 ]
# 804972600:1409:6800:184::/68
id[2256948980 2087203003 210350030 1575131552 1986208670 3389290536 1987611388 2888369523 ]
id[2256948980 2087203003 210350030 1575131552 1986208670 3389290536 1987611388 2888369523 ]
# 804582600:1406:e800:387::/68
id[1784516310 1708843125 3249258458 2900401061 2288612908 1800212244 1901240986 2657065008 ]
id[1784516310 1708843125 3249258458 2900401061 2288612908 1800212244 1901240986 2657065008 ]
# 804632600:1406:e800:38d::/68
id[4183783262 529435477 1466182697 2660630645 3361340098 2194741312 3016414191 2675410691 ]
id[4183783262 529435477 1466182697 2660630645 3361340098 2194741312 3016414191 2675410691 ]
# 804732600:1406:e800:398::/68
id[311703017 1842113262 3127812957 3937323594 4189219864 807257641 1854220437 1770114391 ]
id[311703017 1842113262 3127812957 3937323594 4189219864 807257641 1854220437 1770114391 ]
# 804532600:1406:e800:382::/68
id[1902892452 568462248 4186547923 3109983061 2453408143 4168651399 1368532633 3155224256 ]
id[1902892452 568462248 4186547923 3109983061 2453408143 4168651399 1368532633 3155224256 ]
# 805152600:1409:6800:1a7::/68
id[4132529108 4286983465 1969306714 2555214184 477853504 3456415234 1276919881 193781239 ]
id[4132529108 4286983465 1969306714 2555214184 477853504 3456415234 1276919881 193781239 ]
# 805612600:1409:d000:5ac::/68
id[3935433994 3841516603 3890569351 2997507352 1100450123 227960965 2395335371 3524189600 ]
id[3935433994 3841516603 3890569351 2997507352 1100450123 227960965 2395335371 3524189600 ]
# 805412600:1409:d000:596::/68
id[734671834 777126845 1251852983 3563929895 876975902 1252892785 1427553363 2843302996 ]
id[734671834 777126845 1251852983 3563929895 876975902 1252892785 1427553363 2843302996 ]
# 805582600:1409:d000:5a7::/68
id[3243046332 2983040156 201238557 1688351750 990325937 1830081047 1135979359 3951333026 ]
id[3243046332 2983040156 201238557 1688351750 990325937 1830081047 1135979359 3951333026 ]
# 805522600:1409:d000:5a1::/68
id[3731307311 2747134583 2540500038 3715326054 2702742747 546327870 1909457064 4167671126 ]
id[3731307311 2747134583 2540500038 3715326054 2702742747 546327870 1909457064 4167671126 ]
# 805552600:1409:d000:5a4::/68
id[2537095804 1527254075 3260292019 523574548 1502475576 3167282533 4038282924 521773497 ]
id[2537095804 1527254075 3260292019 523574548 1502475576 3167282533 4038282924 521773497 ]
# 805572600:1409:d000:5a6::/68
id[2224563178 564329666 2813316005 584418250 1198850176 3742737933 259005562 4290554727 ]
id[2224563178 564329666 2813316005 584418250 1198850176 3742737933 259005562 4290554727 ]
# 805142600:1409:6800:1a6::/68
id[2640681653 1021350509 2994506454 3293934090 636332713 3711345399 3327563709 3556964635 ]
id[2640681653 1021350509 2994506454 3293934090 636332713 3711345399 3327563709 3556964635 ]
# 805542600:1409:d000:5a3::/68
id[4069259479 3350616990 4232910523 271269498 1240880782 4026231755 1788407410 488748075 ]
id[4069259479 3350616990 4232910523 271269498 1240880782 4026231755 1788407410 488748075 ]
# 805292600:1409:d000:588::/68
id[1740782435 2714197125 4061720969 2439923982 3155785562 2801696463 58929341 206275133 ]
id[1740782435 2714197125 4061720969 2439923982 3155785562 2801696463 58929341 206275133 ]
# 805182600:1409:6800:1ab::/68
id[963455787 399768955 4040226914 4175093283 3261659132 2198863169 1475146311 3383208333 ]
id[963455787 399768955 4040226914 4175093283 3261659132 2198863169 1475146311 3383208333 ]
# 805622600:1409:d000:5ad::/68
id[3670590613 3019875748 273760915 975790735 1315633750 1023089505 246073405 3718657886 ]
id[3670590613 3019875748 273760915 975790735 1315633750 1023089505 246073405 3718657886 ]
# 805212600:1409:d000:580::/68
id[4154520959 2840063978 1147206654 2461981559 1901528690 1232794615 931033985 1787754169 ]
id[4154520959 2840063978 1147206654 2461981559 1901528690 1232794615 931033985 1787754169 ]
# 805382600:1409:d000:591::/68
id[4072201989 2988949669 2167863764 1817313630 256473342 3860091012 3012168238 4109507572 ]
id[4072201989 2988949669 2167863764 1817313630 256473342 3860091012 3012168238 4109507572 ]
# 805402600:1409:d000:593::/68
id[1404714822 571189314 837506199 1327591748 1362776913 2959570303 1165727735 3985744855 ]
id[1404714822 571189314 837506199 1327591748 1362776913 2959570303 1165727735 3985744855 ]
# 805302600:1409:d000:589::/68
id[2795592509 1284354895 1343112438 3207152570 1869634213 3311452171 3015255299 1698741619 ]
id[2795592509 1284354895 1343112438 3207152570 1869634213 3311452171 3015255299 1698741619 ]
# 805282600:1409:d000:587::/68
id[2939367630 3601212710 2394657621 3955549989 2061536848 3943151384 3073207119 2523399705 ]
id[2939367630 3601212710 2394657621 3955549989 2061536848 3943151384 3073207119 2523399705 ]
