# 7305722a02:26f0:64:180::/88
id[814941992 197540293 522073248 2090477833 1123184787 790778671 3614130672 2768241602 ]
id[814941992 197540293 522073248 2090477833 1123184787 790778671 3614130672 2768241602 ]
# 7305872a02:26f0:64:18f::/88
id[3972713556 1522981273 588562791 3629764793 2721291781 3867654874 3558169673 1862927517 ]
id[3972713556 1522981273 588562791 3629764793 2721291781 3867654874 3558169673 1862927517 ]
# 7307412a02:26f0:64:598::/88
id[1832222953 305861162 1994666467 3163770519 2514602679 1235486452 1929158252 2509886385 ]
id[1832222953 305861162 1994666467 3163770519 2514602679 1235486452 1929158252 2509886385 ]
# 7309932a02:26f0:eb:1a5::/88
id[2983001483 2582920530 1160638297 292492999 3062757345 2195187376 2614821288 4274420154 ]
id[2983001483 2582920530 1160638297 292492999 3062757345 2195187376 2614821288 4274420154 ]
# 7310402a02:26f0:eb:39a::/88
id[993734245 1102097104 3873854701 4200960698 2186910665 3114001312 1934454248 2551308863 ]
id[993734245 1102097104 3873854701 4200960698 2186910665 3114001312 1934454248 2551308863 ]
# 7310372a02:26f0:eb:397::/88
id[2560665327 1870207824 3511831186 1435149087 773348973 1685408739 1039144968 552312097 ]
id[2560665327 1870207824 3511831186 1435149087 773348973 1685408739 1039144968 552312097 ]
# 7310462a02:26f0:eb:3a0::/88
id[79704335 3755958554 3685704758 39612413 2688338876 2147601040 2446685629 3353851301 ]
id[79704335 3755958554 3685704758 39612413 2688338876 2147601040 2446685629 3353851301 ]
# 7310362a02:26f0:eb:396::/88
id[2539258056 2795011511 929558326 4120408440 982887979 2992455791 3419895810 3355206033 ]
id[2539258056 2795011511 929558326 4120408440 982887979 2992455791 3419895810 3355206033 ]
# 7310332a02:26f0:eb:393::/88
id[2483687733 3249676703 955531556 1896629794 4227610564 2337781786 731740657 1504610014 ]
id[2483687733 3249676703 955531556 1896629794 4227610564 2337781786 731740657 1504610014 ]
# 7313172600:1409:6800:1a7::/92
id[1749275600 1626781226 909125202 1046782898 4072538589 3834160779 3814074692 68178115 ]
id[1749275600 1626781226 909125202 1046782898 4072538589 3834160779 3814074692 68178115 ]
# 7313702606:4700:3031::/92
id[-1 1540291241 -1 -2 -1 -1 -1 -1 ]
id[-1 1540291241 -1 -1 -1 -1 -1 -1 ]
