# 1075332a02:26f0:105:28d::/72
id[136212585 3000077804 1412175539 3559542548 2671178320 3930372017 1722737389 2545341643 ]
id[136212585 3000077804 1412175539 3559542548 2671178320 3930372017 1722737389 2545341643 ]
# 1075342a02:26f0:105:28e::/72
id[3223151286 1742694675 2513376379 2755135732 3075699370 556461631 2024254817 3432461969 ]
id[3223151286 1742694675 2513376379 2755135732 3075699370 556461631 2024254817 3432461969 ]
# 1075232a02:26f0:105:280::/72
id[3401668903 914306032 1821814850 8263395 379097941 767325328 623074925 1642291576 ]
id[3401668903 914306032 1821814850 8263395 379097941 767325328 623074925 1642291576 ]
# 1075242a02:26f0:105:282::/72
id[2764104131 564266452 4123314803 4232365729 426333828 3222970031 3880846098 268881439 ]
id[2764104131 564266452 4123314803 4232365729 426333828 3222970031 3880846098 268881439 ]
# 1075252a02:26f0:105:284::/72
id[1808331716 412154485 4002882322 4028951618 1125560812 3408201397 1485293596 174254472 ]
id[1808331716 412154485 4002882322 4028951618 1125560812 3408201397 1485293596 174254472 ]
# 1075632a02:26f0:10:287::/72
id[685751598 275534296 2000105874 3117571539 1206754090 3409861612 647047980 4209299155 ]
id[685751598 275534296 2000105874 3117571539 1206754090 3409861612 647047980 4209299155 ]
# 1075302a02:26f0:105:289::/72
id[868508786 283723057 2795065032 1901032339 1276498295 672233853 1040429864 2120289895 ]
id[868508786 283723057 2795065032 1901032339 1276498295 672233853 1040429864 2120289895 ]
# 1075802a02:26f0:10:298::/72
id[1759627501 178305932 2651562227 2902891040 2551645316 4135021445 842726161 969157267 ]
id[1759627501 178305932 2651562227 2902891040 2551645316 4135021445 842726161 969157267 ]
# 1075322a02:26f0:105:28b::/72
id[1828839547 4068699510 4045883853 2870190112 247456967 3128483176 973209350 3982061941 ]
id[1828839547 4068699510 4045883853 2870190112 247456967 3128483176 973209350 3982061941 ]
# 1075832a02:26f0:10:29b::/72
id[81779446 310987597 3463497256 368185075 3586375258 2688253912 553116992 948424791 ]
id[81779446 310987597 3463497256 368185075 3586375258 2688253912 553116992 948424791 ]
# 1075352a02:26f0:10:180::/72
id[2321414789 3277540984 2585702219 976290396 159083926 3855783127 1307754661 2878261867 ]
id[2321414789 3277540984 2585702219 976290396 159083926 3855783127 1307754661 2878261867 ]
# 1075292a02:26f0:105:288::/72
id[276623420 4039398811 866495508 277736368 2147938636 4010091145 3402726273 3887762011 ]
id[276623420 4039398811 866495508 277736368 2147938636 4010091145 3402726273 3887762011 ]
# 1075692a02:26f0:10:28d::/72
id[2760642451 459146152 1230723723 2289868288 505608356 3211508540 4291854687 1425773365 ]
id[2760642451 459146152 1230723723 2289868288 505608356 3211508540 4291854687 1425773365 ]
# 1075522a02:26f0:10:191::/72
id[1821113932 3808479225 845432107 1640109090 1698645568 3387503681 3962656983 1392775110 ]
id[1821113932 3808479225 845432107 1640109090 1698645568 3387503681 3962656983 1392775110 ]
# 1075482a02:26f0:10:18d::/72
id[1154780257 1010933311 3397370634 550854610 1167423254 2872781313 3841415151 1754528470 ]
id[1154780257 1010933311 3397370634 550854610 1167423254 2872781313 3841415151 1754528470 ]
# 1075782a02:26f0:10:296::/72
id[2521196430 289994997 1425664595 114161078 676457700 4181587767 724359176 2297911482 ]
id[2521196430 289994997 1425664595 114161078 676457700 4181587767 724359176 2297911482 ]
# 1075542a02:26f0:10:193::/72
id[3176703896 386199833 3489584270 4278526117 449063041 1346264898 3259863331 1204325412 ]
id[3176703896 386199833 3489584270 4278526117 449063041 1346264898 3259863331 1204325412 ]
# 1075942a02:26f0:10:2a6::/72
id[2165580533 4025865799 2657174192 3687061002 2191437947 860943820 172896706 2687780771 ]
id[2165580533 4025865799 2657174192 3687061002 2191437947 860943820 172896706 2687780771 ]
# 1076032a02:26f0:10:384::/72
id[3111051956 22476654 3659414552 1388882459 1418023718 628683290 476359540 3321669634 ]
id[3111051956 22476654 3659414552 1388882459 1418023718 628683290 476359540 3321669634 ]
# 1076332a02:26f0:10:3a2::/72
id[1064117012 3035178438 96666104 3569848775 1068620613 1241690952 103356405 3051782696 ]
id[1064117012 3035178438 96666104 3569848775 1068620613 1241690952 103356405 3051782696 ]
# 1075862a02:26f0:10:29e::/72
id[3252501045 3390291956 520661065 2563302143 1655286136 2504149332 2800178634 160505523 ]
id[3252501045 3390291956 520661065 2563302143 1655286136 2504149332 2800178634 160505523 ]
# 1076062a02:26f0:10:387::/72
id[3819361006 1882487565 583875462 3638402589 3840767741 3298107283 3676415378 2803847278 ]
id[3819361006 1882487565 583875462 3638402589 3840767741 3298107283 3676415378 2803847278 ]
# 1076482a02:26f0:10:494::/72
id[2354640843 1519822391 59677025 2088828136 2558483589 499226283 2774303764 1626961184 ]
id[2354640843 1519822391 59677025 2088828136 2558483589 499226283 2774303764 1626961184 ]
# 1076312a02:26f0:10:3a0::/72
id[545793379 962649005 1351425766 666229621 1124646029 3117416580 3334906441 1869015735 ]
id[545793379 962649005 1351425766 666229621 1124646029 3117416580 3334906441 1869015735 ]
# 1076342a02:26f0:10:3a3::/72
id[859012152 1915952567 2401583438 2978633042 2849184277 666516653 4189119439 352773052 ]
id[859012152 1915952567 2401583438 2978633042 2849184277 666516653 4189119439 352773052 ]
# 1076082a02:26f0:10:389::/72
id[4166099224 1461009708 1781208090 3791638816 1703041973 1079880631 3162069642 673883908 ]
id[4166099224 1461009708 1781208090 3791638816 1703041973 1079880631 3162069642 673883908 ]
# 1076232a02:26f0:10:398::/72
id[3495406318 1506937929 2459127364 3431096360 1334073542 3411352505 4152650048 1895956873 ]
id[3495406318 1506937929 2459127364 3431096360 1334073542 3411352505 4152650048 1895956873 ]
# 1076022a02:26f0:10:383::/72
id[326584113 992553868 103012433 621758417 1573738022 2199370106 1196190944 244865357 ]
id[326584113 992553868 103012433 621758417 1573738022 2199370106 1196190944 244865357 ]
# 1076302a02:26f0:10:39f::/72
id[3290800178 1812448713 2129689220 2877115356 3997235702 1802319512 3853645701 1778666963 ]
id[3290800178 1812448713 2129689220 2877115356 3997235702 1802319512 3853645701 1778666963 ]
# 1076452a02:26f0:10:48f::/72
id[2712400614 185892361 2332496313 3681300588 1437388768 1547499565 3532167247 2314125209 ]
id[2712400614 185892361 2332496313 3681300588 1437388768 1547499565 3532167247 2314125209 ]
# 1076282a02:26f0:10:39d::/72
id[1275162169 812726545 2688491374 3390573519 4052451095 2333515574 666581470 1221052825 ]
id[1275162169 812726545 2688491374 3390573519 4052451095 2333515574 666581470 1221052825 ]
# 1076262a02:26f0:10:39b::/72
id[2787681865 2377981755 2339263465 4172442293 1636499334 2895125573 1888243847 728116093 ]
id[2787681865 2377981755 2339263465 4172442293 1636499334 2895125573 1888243847 728116093 ]
# 1076392a02:26f0:10:486::/72
id[2559800619 1714203449 916447359 1942607821 2060800453 3998207687 1182848646 3168807724 ]
id[2559800619 1714203449 916447359 1942607821 2060800453 3998207687 1182848646 3168807724 ]
# 1075922a02:26f0:10:2a4::/72
id[1474514692 100749600 2293447020 452246758 2454444591 1532000206 3370686877 1657443959 ]
id[1474514692 100749600 2293447020 452246758 2454444591 1532000206 3370686877 1657443959 ]
# 1076242a02:26f0:10:399::/72
id[1962777567 1997383158 3102152320 641676351 933438577 1494029881 2135960420 1704507175 ]
id[1962777567 1997383158 3102152320 641676351 933438577 1494029881 2135960420 1704507175 ]
# 1076382a02:26f0:10:485::/72
id[1489420844 2960809267 609897189 525891937 1900373774 3006181346 287913519 121865873 ]
id[1489420844 2960809267 609897189 525891937 1900373774 3006181346 287913519 121865873 ]
# 1076132a02:26f0:10:38e::/72
id[3896057371 2221799461 3529655496 1625019224 922844297 59355424 3701918999 2607796495 ]
id[3896057371 2221799461 3529655496 1625019224 922844297 59355424 3701918999 2607796495 ]
# 1076542a02:26f0:10:49f::/72
id[2691713449 2717814349 2633139815 4078438622 3603793182 3342961533 4151427954 2677824382 ]
id[2691713449 2717814349 2633139815 4078438622 3603793182 3342961533 4151427954 2677824382 ]
# 1076552a02:26f0:10:4a0::/72
id[3243177412 2007546595 3777915171 3998128376 2840242830 3763403372 1525013217 3698850500 ]
id[3243177412 2007546595 3777915171 3998128376 2840242830 3763403372 1525013217 3698850500 ]
# 1076602a02:26f0:10c:281::/72
id[1734901253 1682428975 1274915129 363799130 2734350654 1203848862 3167845110 803951207 ]
id[1734901253 1682428975 1274915129 363799130 2734350654 1203848862 3167845110 803951207 ]
# 1077012a02:26f0:12d:189::/72
id[4262879944 1907593418 4270788491 2555106246 27280679 3614606840 3918368492 4220347466 ]
id[4262879944 1907593418 4270788491 2555106246 27280679 3614606840 3918368492 4220347466 ]
# 1076822a02:26f0:10c:386::/72
id[2131726539 2873454320 120116243 1670356436 573812870 3249706894 1013876213 3750208994 ]
id[2131726539 2873454320 120116243 1670356436 573812870 3249706894 1013876213 3750208994 ]
# 1076942a02:26f0:12d:182::/72
id[3897303437 3702280184 571096652 2100318081 3751472243 2620013818 1506034627 3625841931 ]
id[3897303437 3702280184 571096652 2100318081 3751472243 2620013818 1506034627 3625841931 ]
# 1076682a02:26f0:10c:28f::/72
id[743737630 357889455 1335308060 1276911658 901136930 3217328920 3296527847 634867273 ]
id[743737630 357889455 1335308060 1276911658 901136930 3217328920 3296527847 634867273 ]
# 1076662a02:26f0:10c:28b::/72
id[713266731 3028936132 3593258969 759272554 3852973687 2795101918 2386562302 444725633 ]
id[713266731 3028936132 3593258969 759272554 3852973687 2795101918 2386562302 444725633 ]
# 1076892a02:26f0:10c:39a::/72
id[94465558 2578227624 1710995219 65602462 3420672351 1462457888 189888343 730726371 ]
id[94465558 2578227624 1710995219 65602462 3420672351 1462457888 189888343 730726371 ]
# 1076842a02:26f0:10c:38c::/72
id[1754860874 3057320635 3879358837 3646376358 3844173355 1529700389 932476000 3425692338 ]
id[1754860874 3057320635 3879358837 3646376358 3844173355 1529700389 932476000 3425692338 ]
# 1076722a02:26f0:10c:29a::/72
id[3666023939 2736434192 392837096 30405956 496872169 3886467566 216063176 2335003518 ]
id[3666023939 2736434192 392837096 30405956 496872169 3886467566 216063176 2335003518 ]
# 1076902a02:26f0:10c:39b::/72
id[670122234 686599668 1776667619 813740547 883650772 3861660988 199018137 608099117 ]
id[670122234 686599668 1776667619 813740547 883650772 3861660988 199018137 608099117 ]
# 1076882a02:26f0:10c:397::/72
id[2241263341 1283041916 2435799204 2232753625 873765373 3085378436 2793639280 3656407389 ]
id[2241263341 1283041916 2435799204 2232753625 873765373 3085378436 2793639280 3656407389 ]
# 1077062a02:26f0:12d:18e::/72
id[1531697158 2444217708 2310808433 1463842533 1416867141 670407079 3838519750 1473473136 ]
id[1531697158 2444217708 2310808433 1463842533 1416867141 670407079 3838519750 1473473136 ]
# 1076582a02:26f0:10:4a4::/72
id[2762438693 1886958744 1864921588 3364643013 1529138877 2612655415 334851402 2026576891 ]
id[2762438693 1886958744 1864921588 3364643013 1529138877 2612655415 334851402 2026576891 ]
# 1076992a02:26f0:12d:187::/72
id[3898002450 1681952662 2245709685 1648711475 1174514220 1713860753 3789511836 2131037772 ]
id[3898002450 1681952662 2245709685 1648711475 1174514220 1713860753 3789511836 2131037772 ]
# 1076852a02:26f0:10c:38e::/72
id[3523368083 1263041227 1722974742 1094069334 2499758152 2375114837 2971863778 2555997819 ]
id[3523368083 1263041227 1722974742 1094069334 2499758152 2375114837 2971863778 2555997819 ]
# 1076772a02:26f0:10c:2a1::/72
id[1362102371 2296569578 3545564159 1829594604 2244572624 2912494257 2904271517 1082796911 ]
id[1362102371 2296569578 3545564159 1829594604 2244572624 2912494257 2904271517 1082796911 ]
# 1076872a02:26f0:10c:393::/72
id[777040223 4063662403 1255373699 1686556678 2227663815 2233871669 1803357369 804798360 ]
id[777040223 4063662403 1255373699 1686556678 2227663815 2233871669 1803357369 804798360 ]
# 1077492a02:26f0:12d:1b9::/72
id[3551255517 615927028 2146332690 471162416 1193607829 930111134 866016004 2898088557 ]
id[3551255517 615927028 2146332690 471162416 1193607829 930111134 866016004 2898088557 ]
# 1077652a02:26f0:12d:289::/72
id[3935015758 1201681684 1402535248 2408567924 1119634702 1137887396 2773331249 3104101528 ]
id[3935015758 1201681684 1402535248 2408567924 1119634702 1137887396 2773331249 3104101528 ]
# 1077542a02:26f0:12d:1be::/72
id[3970265919 2323054549 1598787655 2144211815 633716134 3538303870 1069808393 4063220483 ]
id[3970265919 2323054549 1598787655 2144211815 633716134 3538303870 1069808393 4063220483 ]
# 1077562a02:26f0:12d:280::/72
id[1316319480 1105939073 2223471167 2291160153 2705802284 394820361 1331747204 3808753995 ]
id[1316319480 1105939073 2223471167 2291160153 2705802284 394820361 1331747204 3808753995 ]
# 1077432a02:26f0:12d:1b3::/72
id[392041453 2860432423 4021141463 2731183603 3041764783 1442107117 1073629359 2889691027 ]
id[392041453 2860432423 4021141463 2731183603 3041764783 1442107117 1073629359 2889691027 ]
# 1077192a02:26f0:12d:19b::/72
id[1489457840 329656982 1154096818 4161252872 1226015459 121839273 2673376023 617304017 ]
id[1489457840 329656982 1154096818 4161252872 1226015459 121839273 2673376023 617304017 ]
# 1077512a02:26f0:12d:1bb::/72
id[2562399647 2290647501 869112916 2738400538 3524725574 1166272165 3194934875 4022397346 ]
id[2562399647 2290647501 869112916 2738400538 3524725574 1166272165 3194934875 4022397346 ]
# 1077572a02:26f0:12d:281::/72
id[449847199 1671210709 3636251906 2073162332 1398589193 940394298 661696521 3233836475 ]
id[449847199 1671210709 3636251906 2073162332 1398589193 940394298 661696521 3233836475 ]
# 1077372a02:26f0:12d:1ad::/72
id[3873890690 1488182768 558265637 2234393680 3977336759 1922016021 877198061 478894576 ]
id[3873890690 1488182768 558265637 2234393680 3977336759 1922016021 877198061 478894576 ]
# 1077382a02:26f0:12d:1ae::/72
id[1299188212 3001327765 3827382640 2059024058 1140197583 2950836919 90283729 1697120131 ]
id[1299188212 3001327765 3827382640 2059024058 1140197583 2950836919 90283729 1697120131 ]
# 1077182a02:26f0:12d:19a::/72
id[3320244601 2984567406 3171236306 3600698152 4215409611 726587149 4105881221 4082586298 ]
id[3320244601 2984567406 3171236306 3600698152 4215409611 726587149 4105881221 4082586298 ]
# 1077342a02:26f0:12d:1aa::/72
id[3433633205 1079131107 824276222 2602997616 901310194 2269921659 2022232800 1364042099 ]
id[3433633205 1079131107 824276222 2602997616 901310194 2269921659 2022232800 1364042099 ]
# 1077402a02:26f0:12d:1b0::/72
id[2109417586 3868481313 3377016819 2242117260 2048547961 3397433144 3674310549 1097073859 ]
id[2109417586 3868481313 3377016819 2242117260 2048547961 3397433144 3674310549 1097073859 ]
# 1077422a02:26f0:12d:1b2::/72
id[2075755348 3593644067 2083478701 2260843143 3167574112 3033512451 2272674044 1278726758 ]
id[2075755348 3593644067 2083478701 2260843143 3167574112 3033512451 2272674044 1278726758 ]
# 1077132a02:26f0:12d:195::/72
id[3330893103 3475842116 755826317 3417424270 2443874514 2338152325 3953917114 213036306 ]
id[3330893103 3475842116 755826317 3417424270 2443874514 2338152325 3953917114 213036306 ]
# 1077552a02:26f0:12d:1bf::/72
id[363690149 3431702348 887085519 1453728698 3676631929 2694483851 88767499 28455743 ]
id[363690149 3431702348 887085519 1453728698 3676631929 2694483851 88767499 28455743 ]
# 1077472a02:26f0:12d:1b7::/72
id[4126972239 277216406 1302768956 318568326 2050531503 3041744749 3427271356 3786330622 ]
id[4126972239 277216406 1302768956 318568326 2050531503 3041744749 3427271356 3786330622 ]
# 1077242a02:26f0:12d:1a0::/72
id[2495276482 1938892403 4223170088 3964801563 3294351717 354868896 2833014940 1171555193 ]
id[2495276482 1938892403 4223170088 3964801563 3294351717 354868896 2833014940 1171555193 ]
# 1077752a02:26f0:12d:293::/72
id[933141630 1826111397 3546013524 1224806063 363404702 654874760 3297782593 425403671 ]
id[933141630 1826111397 3546013524 1224806063 363404702 654874760 3297782593 425403671 ]
# 1077792a02:26f0:12d:297::/72
id[3657673337 3579694935 2661580556 1960785270 3782930238 2617787939 4282444014 1370751402 ]
id[3657673337 3579694935 2661580556 1960785270 3782930238 2617787939 4282444014 1370751402 ]
# 1077772a02:26f0:12d:295::/72
id[1685975050 1952797824 4256036376 1221511972 3510093856 2387331020 2711256512 2372171572 ]
id[1685975050 1952797824 4256036376 1221511972 3510093856 2387331020 2711256512 2372171572 ]
# 1078242a02:26f0:12d:3a4::/72
id[2896396426 3232139440 3189434459 3243996379 1348078774 1560952629 1818356825 1528175815 ]
id[2896396426 3232139440 3189434459 3243996379 1348078774 1560952629 1818356825 1528175815 ]
# 1078292a02:26f0:12d:3a9::/72
id[3686227382 3069739066 2590755539 2657020971 838099109 366653768 1966776392 3629120182 ]
id[3686227382 3069739066 2590755539 2657020971 838099109 366653768 1966776392 3629120182 ]
# 1077942a02:26f0:12d:386::/72
id[647421059 2958233588 2114423667 4221234141 1840672348 1912421335 3674099604 3695634758 ]
id[647421059 2958233588 2114423667 4221234141 1840672348 1912421335 3674099604 3695634758 ]
# 1078152a02:26f0:12d:39b::/72
id[1227195147 915435325 3285274995 2805566299 3191965834 1041349700 1344399024 1690197117 ]
id[1227195147 915435325 3285274995 2805566299 3191965834 1041349700 1344399024 1690197117 ]
# 1078022a02:26f0:12d:38e::/72
id[729860749 3696726198 4020392375 2657555028 2259533447 1827269265 781778474 2906049810 ]
id[729860749 3696726198 4020392375 2657555028 2259533447 1827269265 781778474 2906049810 ]
# 1078162a02:26f0:12d:39c::/72
id[250174548 3216576454 3050260645 169856697 205627354 1437890323 107734855 2677325598 ]
id[250174548 3216576454 3050260645 169856697 205627354 1437890323 107734855 2677325598 ]
# 1077902a02:26f0:12d:382::/72
id[3534342713 1256275781 1295045958 3366786251 3161960380 2383210441 793096635 330416064 ]
id[3534342713 1256275781 1295045958 3366786251 3161960380 2383210441 793096635 330416064 ]
# 1078112a02:26f0:12d:397::/72
id[4094582640 1851297227 3097579169 4032906853 4018851373 3482985462 958096330 689785902 ]
id[4094582640 1851297227 3097579169 4032906853 4018851373 3482985462 958096330 689785902 ]
# 1078062a02:26f0:12d:392::/72
id[99000071 711121957 2893004567 4193168107 3383887537 4232719176 4180239527 1068695900 ]
id[99000071 711121957 2893004567 4193168107 3383887537 4232719176 4180239527 1068695900 ]
# 1078092a02:26f0:12d:395::/72
id[4080994412 1629752661 3907364789 2980080050 33485492 3119299580 1201686182 3322334550 ]
id[4080994412 1629752661 3907364789 2980080050 33485492 3119299580 1201686182 3322334550 ]
# 1078032a02:26f0:12d:38f::/72
id[2733341519 3514949233 3648735356 2787461626 1706284160 316469463 2674619830 3304263867 ]
id[2733341519 3514949233 3648735356 2787461626 1706284160 316469463 2674619830 3304263867 ]
# 1078102a02:26f0:12d:396::/72
id[2829326777 4193861410 3820611107 1951637904 3862733326 1789760317 1384343603 1235823753 ]
id[2829326777 4193861410 3820611107 1951637904 3862733326 1789760317 1384343603 1235823753 ]
# 1077812a02:26f0:12d:299::/72
id[603472958 901029647 1479908356 848733207 3552684327 232953129 2441125365 1783286569 ]
id[603472958 901029647 1479908356 848733207 3552684327 232953129 2441125365 1783286569 ]
# 1077842a02:26f0:12d:29c::/72
id[1202281764 115511459 2708004729 12538967 2002404057 1680148297 959001680 3447592324 ]
id[1202281764 115511459 2708004729 12538967 2002404057 1680148297 959001680 3447592324 ]
# 1078272a02:26f0:12d:3a7::/72
id[698264682 1309644496 2471699892 3689135712 2010745510 1967184051 823265275 2153545183 ]
id[698264682 1309644496 2471699892 3689135712 2010745510 1967184051 823265275 2153545183 ]
# 1078072a02:26f0:12d:393::/72
id[4041417084 2185713455 1511774952 195915372 633226291 3706862766 2187453969 548504917 ]
id[4041417084 2185713455 1511774952 195915372 633226291 3706862766 2187453969 548504917 ]
# 1077992a02:26f0:12d:38b::/72
id[1871011051 1266304912 3657111887 3799943005 1918498308 443594498 1758799577 775937937 ]
id[1871011051 1266304912 3657111887 3799943005 1918498308 443594498 1758799577 775937937 ]
# 1078052a02:26f0:12d:391::/72
id[809404481 884600251 371858445 2776359310 1437675421 1238442428 1657640296 3234031560 ]
id[809404481 884600251 371858445 2776359310 1437675421 1238442428 1657640296 3234031560 ]
# 1077872a02:26f0:12d:29f::/72
id[330124312 2603960610 2616872326 3914757290 864092791 1783397227 3103656658 4226548364 ]
id[330124312 2603960610 2616872326 3914757290 864092791 1783397227 3103656658 4226548364 ]
# 1077922a02:26f0:12d:384::/72
id[410713338 547169750 2597518608 1965959466 1640299719 3168273028 49512413 931716977 ]
id[410713338 547169750 2597518608 1965959466 1640299719 3168273028 49512413 931716977 ]
# 1078312a02:26f0:12d:3ab::/72
id[1609684096 3823515076 2633317442 3968319733 1904102409 1275331581 3146578787 1791004862 ]
id[1609684096 3823515076 2633317442 3968319733 1904102409 1275331581 3146578787 1791004862 ]
# 1077782a02:26f0:12d:296::/72
id[215205836 1447458599 2890394782 2979116914 916947887 1202283325 1768065086 1973654505 ]
id[215205836 1447458599 2890394782 2979116914 916947887 1202283325 1768065086 1973654505 ]
# 1078372a02:26f0:12d:3b1::/72
id[584218742 2818752541 750347991 2574401784 2020223880 1662504392 2582529935 1481820084 ]
id[584218742 2818752541 750347991 2574401784 2020223880 1662504392 2582529935 1481820084 ]
# 1078082a02:26f0:12d:394::/72
id[3104524660 2144775126 802913534 1115812946 324745566 750713859 4096992020 1449301261 ]
id[3104524660 2144775126 802913534 1115812946 324745566 750713859 4096992020 1449301261 ]
# 1078852a02:26f0:64:190::/72
id[573611497 2120188428 460373856 3344076865 317976190 4073563488 2135192312 1537309575 ]
id[573611497 2120188428 460373856 3344076865 317976190 4073563488 2135192312 1537309575 ]
# 1078412a02:26f0:12d:3b5::/72
id[556889436 1580076052 1063473438 2883885208 90362234 4175997289 2858750866 100069345 ]
id[556889436 1580076052 1063473438 2883885208 90362234 4175997289 2858750866 100069345 ]
# 1078542a02:26f0:61:186::/72
id[3453405506 2045806384 686727479 4060892398 507346875 393032839 1349442829 3396103762 ]
id[3453405506 2045806384 686727479 4060892398 507346875 393032839 1349442829 3396103762 ]
# 1078952a02:26f0:64:19a::/72
id[214646141 219105500 2043192749 1668725064 1075338089 3933192407 1215420597 1915321307 ]
id[214646141 219105500 2043192749 1668725064 1075338089 3933192407 1215420597 1915321307 ]
# 1079042a02:26f0:64:1a3::/72
id[100232378 3689666237 1527536845 2643213563 1109426973 491046293 3895750819 967965009 ]
id[100232378 3689666237 1527536845 2643213563 1109426973 491046293 3895750819 967965009 ]
# 1078652a02:26f0:61:19f::/72
id[3954249330 1808390104 749956455 737141304 443011343 496777581 288524998 816005120 ]
id[3954249330 1808390104 749956455 737141304 443011343 496777581 288524998 816005120 ]
# 1078872a02:26f0:64:192::/72
id[397454861 3887337332 3741810854 3887337665 2956922031 2275283275 3968282468 645850899 ]
id[397454861 3887337332 3741810854 3887337665 2956922031 2275283275 3968282468 645850899 ]
# 1078452a02:26f0:1700:787::/72
id[352333608 269453719 346279915 588416402 2615270264 3523021456 1688170246 682771497 ]
id[352333608 269453719 346279915 588416402 2615270264 3523021456 1688170246 682771497 ]
# 1078862a02:26f0:64:191::/72
id[3685162974 2557345457 2979676103 1063381808 1273899903 2086593635 1395095083 2888958144 ]
id[3685162974 2557345457 2979676103 1063381808 1273899903 2086593635 1395095083 2888958144 ]
# 1078832a02:26f0:64:18e::/72
id[3567190593 3095885134 919940821 1157555672 255114384 2143151655 3351211810 2276838179 ]
id[3567190593 3095885134 919940821 1157555672 255114384 2143151655 3351211810 2276838179 ]
# 1078992a02:26f0:64:19e::/72
id[921466811 2257049336 2845233769 921468492 3091697068 2774393323 4002484355 3771896634 ]
id[921466811 2257049336 2845233769 921468492 3091697068 2774393323 4002484355 3771896634 ]
# 1078922a02:26f0:64:197::/72
id[3223633380 1686975410 2684386615 932846672 2590785009 644517106 1630686639 1175213017 ]
id[3223633380 1686975410 2684386615 932846672 2590785009 644517106 1630686639 1175213017 ]
# 1078692a02:26f0:64:180::/72
id[3160532648 3554142969 3858408960 3858409230 907976476 2393317439 1393388484 3258859707 ]
id[3160532648 3554142969 3858408960 3858409230 907976476 2393317439 1393388484 3258859707 ]
# 1078682a02:26f0:61:1a3::/72
id[1278316422 1795189644 3303186345 1251659342 4277845516 3501513997 1253588191 126097961 ]
id[1278316422 1795189644 3303186345 1251659342 4277845516 3501513997 1253588191 126097961 ]
# 1078462a02:26f0:1700:78e::/72
id[251909515 1596860994 584480074 2396454075 3518442561 493749981 3967002293 1865228578 ]
id[251909515 1596860994 584480074 2396454075 3518442561 493749981 3967002293 1865228578 ]
# 1078742a02:26f0:64:185::/72
id[2519598611 416563171 4003048998 1645332726 1752832394 3922583765 2132375583 1586955311 ]
id[2519598611 416563171 4003048998 1645332726 1752832394 3922583765 2132375583 1586955311 ]
# 1078812a02:26f0:64:18c::/72
id[667090548 3567972387 3912992676 2964001 2406201075 3129567158 1300877481 247054967 ]
id[667090548 3567972387 3912992676 2964001 2406201075 3129567158 1300877481 247054967 ]
# 1078772a02:26f0:64:188::/72
id[339073055 2805214015 3665422523 3070362996 2898490452 1021660043 2876487881 420601918 ]
id[339073055 2805214015 3665422523 3070362996 2898490452 1021660043 2876487881 420601918 ]
# 1079362a02:26f0:64:396::/72
id[2873991488 2925728892 294753027 1684957953 1579121141 3159340809 3717335372 2043487352 ]
id[2873991488 2925728892 294753027 1684957953 1579121141 3159340809 3717335372 2043487352 ]
# 1079432a02:26f0:64:39d::/72
id[3261338018 2614883228 1813529345 2021122825 1585931171 1019595710 2778776968 1642658009 ]
id[3261338018 2614883228 1813529345 2021122825 1585931171 1019595710 2778776968 1642658009 ]
# 1079322a02:26f0:64:392::/72
id[1705365053 1260794119 985777891 2262672117 3145563067 3743849966 888222508 1939406763 ]
id[1705365053 1260794119 985777891 2262672117 3145563067 3743849966 888222508 1939406763 ]
# 1079482a02:26f0:64:3a2::/72
id[478242906 3660044748 75073662 4049609107 850136154 2556782937 3304198428 1511659095 ]
id[478242906 3660044748 75073662 4049609107 850136154 2556782937 3304198428 1511659095 ]
# 1079562a02:26f0:64:486::/72
id[2013284333 477527833 2853729426 3434273434 3332137304 625344065 4091249293 2755435256 ]
id[2013284333 477527833 2853729426 3434273434 3332137304 625344065 4091249293 2755435256 ]
# 1079272a02:26f0:64:1ba::/72
id[1198764020 3076523266 2628541107 3235222727 4085200399 4275218346 4142708394 1157387313 ]
id[1198764020 3076523266 2628541107 3235222727 4085200399 4275218346 4142708394 1157387313 ]
# 1079072a02:26f0:64:1a6::/72
id[3144321218 1402772684 1919292591 1879337284 68627838 609907477 3133501254 3310935185 ]
id[3144321218 1402772684 1919292591 1879337284 68627838 609907477 3133501254 3310935185 ]
# 1079452a02:26f0:64:39f::/72
id[2508273239 171598496 3265724240 21370381 1985492038 1080682781 3248213478 3677674382 ]
id[2508273239 171598496 3265724240 21370381 1985492038 1080682781 3248213478 3677674382 ]
# 1079282a02:26f0:64:1bb::/72
id[2584307820 1117616254 2696660950 3266556759 2983768117 440740641 651259265 2439040255 ]
id[2584307820 1117616254 2696660950 3266556759 2983768117 440740641 651259265 2439040255 ]
# 1079542a02:26f0:64:484::/72
id[409614038 981057883 872874321 695746441 3142697019 2139505828 2510605151 1396482153 ]
id[409614038 981057883 872874321 695746441 3142697019 2139505828 2510605151 1396482153 ]
# 1079232a02:26f0:64:1b6::/72
id[2458885627 3897171973 2673308444 876277186 2621712619 3742681661 3471688216 1155947988 ]
id[2458885627 3897171973 2673308444 876277186 2621712619 3742681661 3471688216 1155947988 ]
# 1079682a02:26f0:64:492::/72
id[1406855407 2332193064 1572728326 3480249351 3193969658 3592175877 1143400363 580849354 ]
id[1406855407 2332193064 1572728326 3480249351 3193969658 3592175877 1143400363 580849354 ]
# 1079522a02:26f0:64:482::/72
id[1691600586 1763021453 559457802 886279372 2089279548 3032776211 1446807883 2792100490 ]
id[1691600586 1763021453 559457802 886279372 2089279548 3032776211 1446807883 2792100490 ]
# 1079582a02:26f0:64:488::/72
id[4257849210 4268946382 1848342757 1702798949 3172632110 962038860 2761791710 3062905752 ]
id[4257849210 4268946382 1848342757 1702798949 3172632110 962038860 2761791710 3062905752 ]
# 1079802a02:26f0:64:49e::/72
id[1759973053 711742188 1877731825 855831653 3732441241 3785622977 3382138479 1460352213 ]
id[1759973053 711742188 1877731825 855831653 3732441241 3785622977 3382138479 1460352213 ]
# 1079722a02:26f0:64:496::/72
id[3812811498 3078562285 209269613 1402374890 1008650514 405985643 253443019 2523353559 ]
id[3812811498 3078562285 209269613 1402374890 1008650514 405985643 253443019 2523353559 ]
# 1079982a02:26f0:64:4b0::/72
id[1897807929 3139845984 1255455974 4073401529 4020437851 3341765182 3801428552 1739623526 ]
id[1897807929 3139845984 1255455974 4073401529 4020437851 3341765182 3801428552 1739623526 ]
# 1080112a02:26f0:64:4bd::/72
id[3943786506 1050225700 2451318158 3469719510 2760222349 205873659 1185783409 2083584766 ]
id[3943786506 1050225700 2451318158 3469719510 2760222349 205873659 1185783409 2083584766 ]
# 1080152a02:26f0:64:581::/72
id[1999200840 2655627838 2815526229 2433042009 3160066360 1648625566 463105313 1512292041 ]
id[1999200840 2655627838 2815526229 2433042009 3160066360 1648625566 463105313 1512292041 ]
# 1079752a02:26f0:64:499::/72
id[1841476367 1177978285 3410653757 3907534141 4012402361 3461956122 4073902422 3022688682 ]
id[1841476367 1177978285 3410653757 3907534141 4012402361 3461956122 4073902422 3022688682 ]
# 1080182a02:26f0:64:584::/72
id[2538276899 3484133335 413425048 1560806214 4157645405 4029404782 3244478981 720883087 ]
id[2538276899 3484133335 413425048 1560806214 4157645405 4029404782 3244478981 720883087 ]
# 1080132a02:26f0:64:4bf::/72
id[3454821606 3824571839 454267757 935455921 3825276404 4067081584 3372435497 801854795 ]
id[3454821606 3824571839 454267757 935455921 3825276404 4067081584 3372435497 801854795 ]
# 1079942a02:26f0:64:4ac::/72
id[3560501456 4222909397 2564519135 185618081 3541146567 1155053087 1790833536 3563509189 ]
id[3560501456 4222909397 2564519135 185618081 3541146567 1155053087 1790833536 3563509189 ]
# 1080072a02:26f0:64:4b9::/72
id[3779436961 1425203283 3236507265 381418190 3410222311 435719227 2540021510 975911771 ]
id[3779436961 1425203283 3236507265 381418190 3410222311 435719227 2540021510 975911771 ]
# 1079842a02:26f0:64:4a2::/72
id[4272243019 2768602334 1221543091 916011839 3257625191 61106729 1102457465 164628115 ]
id[4272243019 2768602334 1221543091 916011839 3257625191 61106729 1102457465 164628115 ]
# 1079952a02:26f0:64:4ad::/72
id[4102661341 2401588772 2852844444 694201009 1201157058 4177238791 3294721417 2306689139 ]
id[4102661341 2401588772 2852844444 694201009 1201157058 4177238791 3294721417 2306689139 ]
# 1080012a02:26f0:64:4b3::/72
id[2245347680 3307074615 280614970 3682865374 1272968500 1097934895 1716385993 3470773802 ]
id[2245347680 3307074615 280614970 3682865374 1272968500 1097934895 1716385993 3470773802 ]
# 1079702a02:26f0:64:494::/72
id[3462888473 2597073769 2508217372 828603642 2303920191 745220020 3063193681 3112645317 ]
id[3462888473 2597073769 2508217372 828603642 2303920191 745220020 3063193681 3112645317 ]
# 1080202a02:26f0:64:586::/72
id[3850348416 4292776169 1710335588 507246146 159241393 2694380580 2945799830 2408779780 ]
id[3850348416 4292776169 1710335588 507246146 159241393 2694380580 2945799830 2408779780 ]
# 1079882a02:26f0:64:4a6::/72
id[3445994075 2554367217 2416431915 2777212831 3645914010 2311816647 4275327415 1900474466 ]
id[3445994075 2554367217 2416431915 2777212831 3645914010 2311816647 4275327415 1900474466 ]
# 1080162a02:26f0:64:582::/72
id[2660473900 1336240471 1362631112 1684060907 2050741142 709132167 3603649593 2088530159 ]
id[2660473900 1336240471 1362631112 1684060907 2050741142 709132167 3603649593 2088530159 ]
# 1079852a02:26f0:64:4a3::/72
id[939206100 1442249724 4020540700 1693664595 2642858332 3617359335 1607420693 304658842 ]
id[939206100 1442249724 4020540700 1693664595 2642858332 3617359335 1607420693 304658842 ]
# 1079912a02:26f0:64:4a9::/72
id[3852456763 3479249130 11055652 498134058 2357632029 533028778 695599997 1263656518 ]
id[3852456763 3479249130 11055652 498134058 2357632029 533028778 695599997 1263656518 ]
# 1080312a02:26f0:64:591::/72
id[1501683915 1513920316 1386922502 3801527470 12600340 3420915898 987455292 1566222591 ]
id[1501683915 1513920316 1386922502 3801527470 12600340 3420915898 987455292 1566222591 ]
# 1080092a02:26f0:64:4bb::/72
id[1360963289 4118418276 4240237675 3642988968 1321887955 3389189003 3473171877 1600245388 ]
id[1360963289 4118418276 4240237675 3642988968 1321887955 3389189003 3473171877 1600245388 ]
# 1079932a02:26f0:64:4ab::/72
id[3890426960 3354095829 274074211 4099091664 3567519283 386254967 121278576 2507556161 ]
id[3890426960 3354095829 274074211 4099091664 3567519283 386254967 121278576 2507556161 ]
# 1079992a02:26f0:64:4b1::/72
id[1739434166 3752966478 1800170107 1385051943 3782225435 3832461143 398355254 806392908 ]
id[1739434166 3752966478 1800170107 1385051943 3782225435 3832461143 398355254 806392908 ]
# 1080762a02:26f0:64:691::/72
id[3092115362 2296111587 1605626507 2223131851 1642648303 1482832833 2140740753 1154954796 ]
id[3092115362 2296111587 1605626507 2223131851 1642648303 1482832833 2140740753 1154954796 ]
# 1080482a02:26f0:64:5a2::/72
id[2090163820 1360799014 2150636394 2504596774 3397083507 1442472159 890585959 1561298753 ]
id[2090163820 1360799014 2150636394 2504596774 3397083507 1442472159 890585959 1561298753 ]
# 1080372a02:26f0:64:597::/72
id[4057459654 1599930660 164672680 4174885921 1678274857 1893781022 345680937 3843730035 ]
id[4057459654 1599930660 164672680 4174885921 1678274857 1893781022 345680937 3843730035 ]
# 1080342a02:26f0:64:594::/72
id[499195384 2072290644 3840045877 459278733 2089349640 3736025890 1858342149 2948380224 ]
id[499195384 2072290644 3840045877 459278733 2089349640 3736025890 1858342149 2948380224 ]
# 1080552a02:26f0:64:5a9::/72
id[2708907479 270381961 3741898798 3973965351 4266824840 413193353 2985150996 2885383591 ]
id[2708907479 270381961 3741898798 3973965351 4266824840 413193353 2985150996 2885383591 ]
# 1080702a02:26f0:64:68b::/72
id[4168004496 394277771 4191269512 2455255243 3989648178 3445514575 365262266 181446840 ]
id[4168004496 394277771 4191269512 2455255243 3989648178 3445514575 365262266 181446840 ]
# 1080852a02:26f0:64:69a::/72
id[1610574024 1995640234 94447670 4189960802 2779794348 1636411292 3875971199 1647634899 ]
id[1610574024 1995640234 94447670 4189960802 2779794348 1636411292 3875971199 1647634899 ]
# 1080892a02:26f0:64:69e::/72
id[3094845354 1044762703 3743033901 2548575408 3721252818 3472455800 2187207464 3437708581 ]
id[3094845354 1044762703 3743033901 2548575408 3721252818 3472455800 2187207464 3437708581 ]
# 1080532a02:26f0:64:5a7::/72
id[69645396 917488561 63117059 3413128856 1239538637 823212199 143452897 1079834549 ]
id[69645396 917488561 63117059 3413128856 1239538637 823212199 143452897 1079834549 ]
# 1080732a02:26f0:64:68e::/72
id[3611278325 3775315190 2070395476 3228592869 433885628 4078666202 3479647951 66193747 ]
id[3611278325 3775315190 2070395476 3228592869 433885628 4078666202 3479647951 66193747 ]
# 1080962a02:26f0:64:6a5::/72
id[2648540324 3730024936 1207895481 921842287 2617317312 1897506777 2301513831 3578706017 ]
id[2648540324 3730024936 1207895481 921842287 2617317312 1897506777 2301513831 3578706017 ]
# 1080952a02:26f0:64:6a4::/72
id[4169210654 1523606631 1397755868 3667014458 829130027 2374441042 719607387 2122777074 ]
id[4169210654 1523606631 1397755868 3667014458 829130027 2374441042 719607387 2122777074 ]
# 1080502a02:26f0:64:5a4::/72
id[4262775340 3138273465 2587901569 1283124838 2556845501 1979659518 3336080726 1729702601 ]
id[4262775340 3138273465 2587901569 1283124838 2556845501 1979659518 3336080726 1729702601 ]
# 1080882a02:26f0:64:69d::/72
id[1224363997 2749270350 171644625 3301259349 1507308825 855512717 1101905548 674232811 ]
id[1224363997 2749270350 171644625 3301259349 1507308825 855512717 1101905548 674232811 ]
# 1080362a02:26f0:64:596::/72
id[1394109879 619071834 1827333900 115222329 3594497122 588469730 133617697 3083181182 ]
id[1394109879 619071834 1827333900 115222329 3594497122 588469730 133617697 3083181182 ]
# 1080392a02:26f0:64:599::/72
id[2674594118 3999972722 3501661678 7849110 2581652575 3297336530 1657086054 329160033 ]
id[2674594118 3999972722 3501661678 7849110 2581652575 3297336530 1657086054 329160033 ]
# 1080822a02:26f0:64:697::/72
id[2291697909 4215781916 2019818922 2889100393 3557483013 2809686686 1023464292 2130405527 ]
id[2291697909 4215781916 2019818922 2889100393 3557483013 2809686686 1023464292 2130405527 ]
# 1080622a02:26f0:64:682::/72
id[3444844477 3344988551 2691280682 4221378309 2330886350 3421061797 1573206851 1705291987 ]
id[3444844477 3344988551 2691280682 4221378309 2330886350 3421061797 1573206851 1705291987 ]
# 1080432a02:26f0:64:59d::/72
id[869272763 1816094753 3233810965 1888706066 1406055631 3986639863 1911056696 2012099448 ]
id[869272763 1816094753 3233810965 1888706066 1406055631 3986639863 1911056696 2012099448 ]
# 1080872a02:26f0:64:69c::/72
id[1947996404 2755308733 614772093 1756264466 2667662692 3455042190 93763675 2509843601 ]
id[1947996404 2755308733 614772093 1756264466 2667662692 3455042190 93763675 2509843601 ]
# 1081022a02:26f0:64:6ab::/72
id[2980832235 3574931860 3714383688 1544565438 2488106402 3159489977 1397440336 3231253732 ]
id[2980832235 3574931860 3714383688 1544565438 2488106402 3159489977 1397440336 3231253732 ]
# 1081182a02:26f0:64:6bb::/72
id[4213213612 1792845608 2123499918 1005363028 2337345439 2441832500 3110906311 1997851031 ]
id[4213213612 1792845608 2123499918 1005363028 2337345439 2441832500 3110906311 1997851031 ]
# 1081432a02:26f0:6c00:18f::/72
id[1593220519 2781385599 588278903 2417568822 2011241863 1183816466 1611990768 2075425533 ]
id[1593220519 2781385599 588278903 2417568822 2011241863 1183816466 1611990768 2075425533 ]
# 1081352a02:26f0:6c00:184::/72
id[1508395160 2318627238 1783532309 828133384 180517748 2119958643 2826606230 1282778732 ]
id[1508395160 2318627238 1783532309 828133384 180517748 2119958643 2826606230 1282778732 ]
# 1081602a02:26f0:7b:282::/72
id[3543530351 1038962360 1270996118 2797023575 1855684646 2611085940 2807567453 3454491254 ]
id[3543530351 1038962360 1270996118 2797023575 1855684646 2611085940 2807567453 3454491254 ]
# 1081402a02:26f0:6c00:18b::/72
id[918530114 87618127 18743240 4168718562 2815251236 1673542901 2959229408 3571654017 ]
id[918530114 87618127 18743240 4168718562 2815251236 1673542901 2959229408 3571654017 ]
# 1081102a02:26f0:64:6b3::/72
id[527932013 882220098 955227460 1833394380 4224815534 938942128 2678355441 2221839891 ]
id[527932013 882220098 955227460 1833394380 4224815534 938942128 2678355441 2221839891 ]
# 1081462a02:26f0:6c00:192::/72
id[1219386561 2671217718 3021351530 1218740298 4081385198 1028971066 1846806919 1803090982 ]
id[1219386561 2671217718 3021351530 1218740298 4081385198 1028971066 1846806919 1803090982 ]
# 1081032a02:26f0:64:6ac::/72
id[1730950531 1919313950 3971534955 523084497 1116799973 2309167927 4081609614 3533582435 ]
id[1730950531 1919313950 3971534955 523084497 1116799973 2309167927 4081609614 3533582435 ]
# 1081542a02:26f0:6c00:19c::/72
id[2506046317 3076673310 4246006685 1278916848 1848629959 1315174217 2162901241 2237924159 ]
id[2506046317 3076673310 4246006685 1278916848 1848629959 1315174217 2162901241 2237924159 ]
# 1081532a02:26f0:6c00:19b::/72
id[4169833998 343081231 225730741 1597534993 2072406027 1810085730 762251720 4260082562 ]
id[4169833998 343081231 225730741 1597534993 2072406027 1810085730 762251720 4260082562 ]
# 1081202a02:26f0:64:6bd::/72
id[2618526746 4112903791 902463314 1698765027 3075841923 1538831408 1364880224 1040357826 ]
id[2618526746 4112903791 902463314 1698765027 3075841923 1538831408 1364880224 1040357826 ]
# 1081572a02:26f0:6c00:19f::/72
id[2148470136 2292033850 876633380 1333162155 2099566210 244990459 3141992174 854263719 ]
id[2148470136 2292033850 876633380 1333162155 2099566210 244990459 3141992174 854263719 ]
# 1081132a02:26f0:64:6b6::/72
id[3528498205 4290445678 763265979 1013165590 2992621735 2222051991 2231617541 3601669125 ]
id[3528498205 4290445678 763265979 1013165590 2992621735 2222051991 2231617541 3601669125 ]
# 1081222a02:26f0:64:6bf::/72
id[4076552060 1557992768 2240671916 257000200 60475784 334949675 4025353203 3775854928 ]
id[4076552060 1557992768 2240671916 257000200 60475784 334949675 4025353203 3775854928 ]
# 1081512a02:26f0:6c00:197::/72
id[1424356345 2958648004 3581040696 1554415040 3069711487 1260770187 4289757237 3389306302 ]
id[1424356345 2958648004 3581040696 1554415040 3069711487 1260770187 4289757237 3389306302 ]
# 1081642a02:26f0:7b:286::/72
id[853438221 1907646890 515778687 3419722315 2839591323 3969367493 1370621598 631115028 ]
id[853438221 1907646890 515778687 3419722315 2839591323 3969367493 1370621598 631115028 ]
# 1081912a02:26f0:7b:2a3::/72
id[3546727964 86520840 3012952734 299595398 986603775 884964448 3765559327 1456293495 ]
id[3546727964 86520840 3012952734 299595398 986603775 884964448 3765559327 1456293495 ]
# 1082032a02:26f0:c6:286::/72
id[930938623 4008885818 3970170082 606340102 3542399721 910104698 2535701326 2762103384 ]
id[930938623 4008885818 3970170082 606340102 3542399721 910104698 2535701326 2762103384 ]
# 1082172a02:26f0:c6:29b::/72
id[2056453114 149972077 450322686 3463892613 1653025597 1800376143 3888143696 102827719 ]
id[2056453114 149972077 450322686 3463892613 1653025597 1800376143 3888143696 102827719 ]
# 1081612a02:26f0:7b:283::/72
id[4124991223 1022979416 133980885 3109487355 1368576836 2669254761 3147237742 450537187 ]
id[4124991223 1022979416 133980885 3109487355 1368576836 2669254761 3147237742 450537187 ]
# 1082212a02:26f0:c6:2a0::/72
id[1253362023 1349482445 141551936 334016248 3305856158 2021885607 273038267 3940435828 ]
id[1253362023 1349482445 141551936 334016248 3305856158 2021885607 273038267 3940435828 ]
# 1081662a02:26f0:7b:288::/72
id[1180096563 1516943963 4238403908 2969970548 2145264742 3606248212 3280420649 3621827837 ]
id[1180096563 1516943963 4238403908 2969970548 2145264742 3606248212 3280420649 3621827837 ]
# 1082142a02:26f0:c6:294::/72
id[1225816085 1417131923 3760710732 1627170564 3403366046 1370504021 3053662637 3387789066 ]
id[1225816085 1417131923 3760710732 1627170564 3403366046 1370504021 3053662637 3387789066 ]
# 1081852a02:26f0:7b:29b::/72
id[4135207610 2343724484 3116427056 201962568 1216633998 3669606698 1151834887 3032101513 ]
id[4135207610 2343724484 3116427056 201962568 1216633998 3669606698 1151834887 3032101513 ]
# 1081882a02:26f0:7b:29e::/72
id[4136668755 3665376170 3794956554 3693788321 646856915 2225486778 1341679394 3565416734 ]
id[4136668755 3665376170 3794956554 3693788321 646856915 2225486778 1341679394 3565416734 ]
# 1082132a02:26f0:c6:292::/72
id[1046780226 3532905376 739543114 3624499610 616669007 3283492735 3408483680 4263456189 ]
id[1046780226 3532905376 739543114 3624499610 616669007 3283492735 3408483680 4263456189 ]
# 1081972a02:26f0:b1:385::/72
id[1130028664 2785065495 2965021827 1205085306 746091993 3891545411 556006590 1242761339 ]
id[1130028664 2785065495 2965021827 1205085306 746091993 3891545411 556006590 1242761339 ]
# 1081932a02:26f0:b1:381::/72
id[2976442848 2373038627 2014454745 77811080 809121172 644989485 577117792 2898438382 ]
id[2976442848 2373038627 2014454745 77811080 809121172 644989485 577117792 2898438382 ]
# 1081652a02:26f0:7b:287::/72
id[4280483276 2687609336 2881107746 1257662831 1575876105 3557252295 798667819 2650155788 ]
id[4280483276 2687609336 2881107746 1257662831 1575876105 3557252295 798667819 2650155788 ]
# 1082042a02:26f0:c6:287::/72
id[3588903202 274644889 2739323128 2816195572 2931124478 2441192271 1259241125 1430348672 ]
id[3588903202 274644889 2739323128 2816195572 2931124478 2441192271 1259241125 1430348672 ]
# 1082232a02:26f0:c6:2a2::/72
id[4138614605 400761962 1473966261 1422571547 447720246 834531890 313333173 303283891 ]
id[4138614605 400761962 1473966261 1422571547 447720246 834531890 313333173 303283891 ]
# 1082022a02:26f0:c6:284::/72
id[4263848677 246210941 3959678823 4141352880 1335259082 2464198650 3366841983 2331083280 ]
id[4263848677 246210941 3959678823 4141352880 1335259082 2464198650 3366841983 2331083280 ]
# 1081622a02:26f0:7b:284::/72
id[4049468198 4105770818 1342857948 2877029537 3751458127 180984716 4225472668 843902509 ]
id[4049468198 4105770818 1342857948 2877029537 3751458127 180984716 4225472668 843902509 ]
# 1081702a02:26f0:7b:28c::/72
id[395372118 51151900 3002442332 2721870117 3691298965 2308255495 3566551119 1913882352 ]
id[395372118 51151900 3002442332 2721870117 3691298965 2308255495 3566551119 1913882352 ]
# 1081822a02:26f0:7b:298::/72
id[1383904322 3155481177 536390493 3206717139 452991467 2545067587 2825277118 1747118355 ]
id[1383904322 3155481177 536390493 3206717139 452991467 2545067587 2825277118 1747118355 ]
# 1081722a02:26f0:7b:28e::/72
id[138237050 3810572630 4090358407 2360614318 18022851 118653218 1417350789 2061752388 ]
id[138237050 3810572630 4090358407 2360614318 18022851 118653218 1417350789 2061752388 ]
# 1082052a02:26f0:c6:288::/72
id[1340078732 899560296 2396332644 3503893982 1729929922 2548375379 1653297156 1970366663 ]
id[1340078732 899560296 2396332644 3503893982 1729929922 2548375379 1653297156 1970366663 ]
# 1082122a02:26f0:c6:290::/72
id[3433724739 1656720247 886819922 2901158850 4293782828 155704492 812103409 3842952357 ]
id[3433724739 1656720247 886819922 2901158850 4293782828 155704492 812103409 3842952357 ]
# 1082072a02:26f0:c6:28a::/72
id[2798701055 3850508356 4213666555 349943430 3588390483 3436450304 676745959 968085343 ]
id[2798701055 3850508356 4213666555 349943430 3588390483 3436450304 676745959 968085343 ]
# 1081962a02:26f0:b1:384::/72
id[3611542250 452517943 3339377287 3832259824 211294311 3286644616 3913084356 914736081 ]
id[3611542250 452517943 3339377287 3832259824 211294311 3286644616 3913084356 914736081 ]
# 1082112a02:26f0:c6:28f::/72
id[697094386 1202625077 3382062556 2374854122 4091149679 333033269 1446793939 136680645 ]
id[697094386 1202625077 3382062556 2374854122 4091149679 333033269 1446793939 136680645 ]
# 1081762a02:26f0:7b:292::/72
id[693279822 4015468150 3259472207 955883290 148100380 3673701313 1106669881 1010626286 ]
id[693279822 4015468150 3259472207 955883290 148100380 3673701313 1106669881 1010626286 ]
# 1082002a02:26f0:c6:282::/72
id[2447755733 75036371 3906454201 100628659 3344207712 3434552386 3065255194 4246029252 ]
id[2447755733 75036371 3906454201 100628659 3344207712 3434552386 3065255194 4246029252 ]
# 1082012a02:26f0:c6:283::/72
id[3834983377 3281173267 3177095138 3813765615 1969608742 2409657291 43973383 1093503914 ]
id[3834983377 3281173267 3177095138 3813765615 1969608742 2409657291 43973383 1093503914 ]
# 1082242a02:26f0:c6:2a3::/72
id[3166096609 1094366752 637919041 1943794251 242509227 166945755 4260857257 1017729415 ]
id[3166096609 1094366752 637919041 1943794251 242509227 166945755 4260857257 1017729415 ]
# 1082222a02:26f0:c6:2a1::/72
id[3176476298 124730372 1007394975 3067597685 545181355 786517179 2677804365 355850306 ]
id[3176476298 124730372 1007394975 3067597685 545181355 786517179 2677804365 355850306 ]
# 1082092a02:26f0:c6:28c::/72
id[1516765260 2244770970 1773031682 3041415162 2301580904 4204235893 3407028281 1592890884 ]
id[1516765260 2244770970 1773031682 3041415162 2301580904 4204235893 3407028281 1592890884 ]
# 1081792a02:26f0:7b:295::/72
id[1928027065 251383653 181781722 1359333151 3373159693 2175750162 1557482893 3823364943 ]
id[1928027065 251383653 181781722 1359333151 3373159693 2175750162 1557482893 3823364943 ]
# 1082082a02:26f0:c6:28b::/72
id[3750037506 3912072610 2137243949 3725424531 3385686114 2912314542 1638934574 3946370390 ]
id[3750037506 3912072610 2137243949 3725424531 3385686114 2912314542 1638934574 3946370390 ]
# 1081992a02:26f0:c6:281::/72
id[2292712072 808783505 915654437 2464728731 882430611 3781703188 1619241845 2419237938 ]
id[2292712072 808783505 915654437 2464728731 882430611 3781703188 1619241845 2419237938 ]
# 1081692a02:26f0:7b:28b::/72
id[2428044017 2580831327 1566266263 505189792 34509883 3426026514 2812026340 3086556054 ]
id[2428044017 2580831327 1566266263 505189792 34509883 3426026514 2812026340 3086556054 ]
# 1081922a02:26f0:b1:380::/72
id[2192802859 4184763824 197755843 1248834157 3291022005 1696425370 3643579635 2915462025 ]
id[2192802859 4184763824 197755843 1248834157 3291022005 1696425370 3643579635 2915462025 ]
# 1081982a02:26f0:c6:280::/72
id[3460209332 1191985911 2380831463 3636241975 3940244653 2995227168 1814520130 1641216023 ]
id[3460209332 1191985911 2380831463 3636241975 3940244653 2995227168 1814520130 1641216023 ]
# 1081732a02:26f0:7b:28f::/72
id[526353456 588291102 4203405764 491354595 2830465504 3132466038 2313448396 2231177519 ]
id[526353456 588291102 4203405764 491354595 2830465504 3132466038 2313448396 2231177519 ]
# 1082192a02:26f0:c6:29d::/72
id[1747320810 1145551669 698795771 1602804 2591866089 1699002932 1489790055 4067954698 ]
id[1747320810 1145551669 698795771 1602804 2591866089 1699002932 1489790055 4067954698 ]
# 1082062a02:26f0:c6:289::/72
id[1002101323 1753975835 2864741757 2982048541 1079823012 3237488471 2692523826 2827955780 ]
id[1002101323 1753975835 2864741757 2982048541 1079823012 3237488471 2692523826 2827955780 ]
# 1081752a02:26f0:7b:291::/72
id[2585645290 2977952331 938821692 1834093242 3577855399 3868558298 4089109213 4182657224 ]
id[2585645290 2977952331 938821692 1834093242 3577855399 3868558298 4089109213 4182657224 ]
# 1081872a02:26f0:7b:29d::/72
id[2005850073 1634731607 3888091750 1259867746 657524444 1196906780 3049650632 2485707975 ]
id[2005850073 1634731607 3888091750 1259867746 657524444 1196906780 3049650632 2485707975 ]
# 1082102a02:26f0:c6:28d::/72
id[3836949122 59643156 3708974438 3166938006 3006890378 2944537456 1636545745 549850476 ]
id[3836949122 59643156 3708974438 3166938006 3006890378 2944537456 1636545745 549850476 ]
# 1082182a02:26f0:c6:29c::/72
id[2949052892 609458237 1088507555 1522717656 3169338554 1070410164 2950924125 3909710074 ]
id[2949052892 609458237 1088507555 1522717656 3169338554 1070410164 2950924125 3909710074 ]
# 1082162a02:26f0:c6:297::/72
id[3691934677 4181486884 3190869914 1744908702 2738262825 730691137 2560290912 2796691670 ]
id[3691934677 4181486884 3190869914 1744908702 2738262825 730691137 2560290912 2796691670 ]
# 1082152a02:26f0:c6:295::/72
id[3391845390 2190461918 3952452493 2909914112 92228927 1614432416 3103263599 4123140498 ]
id[3391845390 2190461918 3952452493 2909914112 92228927 1614432416 3103263599 4123140498 ]
# 1081672a02:26f0:7b:289::/72
id[3058833609 2438397805 759356753 334737304 2824610259 1942147726 3691090290 356770297 ]
id[3058833609 2438397805 759356753 334737304 2824610259 1942147726 3691090290 356770297 ]
# 1082202a02:26f0:c6:29f::/72
id[1392380482 3309333478 1615502386 2555254860 4041980707 3053993060 210541905 261943252 ]
id[1392380482 3309333478 1615502386 2555254860 4041980707 3053993060 210541905 261943252 ]
# 1082862a02:26f0:eb:1a1::/72
id[325736771 4170136714 3626352104 651597261 309127073 3634090312 216947272 985518658 ]
id[325736771 4170136714 3626352104 651597261 309127073 3634090312 216947272 985518658 ]
# 1082662a02:26f0:eb:18d::/72
id[77259482 2908716832 1964146297 2006830132 287626633 2744875904 3730037389 1383915303 ]
id[77259482 2908716832 1964146297 2006830132 287626633 2744875904 3730037389 1383915303 ]
# 1082322a02:26f0:c6:2ae::/72
id[464781787 3606847341 1225004101 2274481370 510945617 334210641 3182339203 2424653957 ]
id[464781787 3606847341 1225004101 2274481370 510945617 334210641 3182339203 2424653957 ]
# 1082392a02:26f0:c6:2b7::/72
id[1453086310 1541478219 1260135875 2958571663 1083044329 3199896645 1448566513 965680878 ]
id[1453086310 1541478219 1260135875 2958571663 1083044329 3199896645 1448566513 965680878 ]
# 1082272a02:26f0:c6:2a8::/72
id[947279191 408766535 4009885940 1702811486 3129469360 1135430826 2794039708 2381784095 ]
id[947279191 408766535 4009885940 1702811486 3129469360 1135430826 2794039708 2381784095 ]
# 1082492a02:26f0:e2:283::/72
id[1231215905 3989949331 3040627827 4026368141 128593844 1294504623 3466251823 1546717608 ]
id[1231215905 3989949331 3040627827 4026368141 128593844 1294504623 3466251823 1546717608 ]
# 1082432a02:26f0:c6:2bb::/72
id[4262667065 35505184 1276077796 3153994887 3481698641 3145217862 2049953780 2138286137 ]
id[4262667065 35505184 1276077796 3153994887 3481698641 3145217862 2049953780 2138286137 ]
# 1082262a02:26f0:c6:2a5::/72
id[1026202081 3860814257 2872380320 332067385 3429769107 1341434500 2490846059 789078822 ]
id[1026202081 3860814257 2872380320 332067385 3429769107 1341434500 2490846059 789078822 ]
# 1082542a02:26f0:eb:181::/72
id[2317271280 3627771709 4275840168 1385723507 3196383518 430939376 139871743 3293655458 ]
id[2317271280 3627771709 4275840168 1385723507 3196383518 430939376 139871743 3293655458 ]
# 1082302a02:26f0:c6:2ac::/72
id[875154800 3281094837 1072660153 4079036871 3851622168 1180152598 673666899 409463028 ]
id[875154800 3281094837 1072660153 4079036871 3851622168 1180152598 673666899 409463028 ]
# 1082822a02:26f0:eb:19d::/72
id[2110774804 3030492783 1994480665 900639875 2831855449 1929719141 2101310274 4028250078 ]
id[2110774804 3030492783 1994480665 900639875 2831855449 1929719141 2101310274 4028250078 ]
# 1082852a02:26f0:eb:1a0::/72
id[235771352 4038160174 359294294 2388971248 1339713290 1072947152 2021758692 2652950729 ]
id[235771352 4038160174 359294294 2388971248 1339713290 1072947152 2021758692 2652950729 ]
# 1082502a02:26f0:e2:284::/72
id[70756127 573976827 412460649 2834507758 380060378 840671865 3280381832 4127669806 ]
id[70756127 573976827 412460649 2834507758 380060378 840671865 3280381832 4127669806 ]
# 1082802a02:26f0:eb:19b::/72
id[3663953939 4172098719 3630535470 4048182620 1992411343 2050928266 1450446435 8821629 ]
id[3663953939 4172098719 3630535470 4048182620 1992411343 2050928266 1450446435 8821629 ]
# 1082252a02:26f0:c6:2a4::/72
id[1146623441 4000122648 280172548 1972936839 2821800604 2528557777 283543449 2137431051 ]
id[1146623441 4000122648 280172548 1972936839 2821800604 2528557777 283543449 2137431051 ]
# 1082462a02:26f0:e2:280::/72
id[677645228 68744988 2719192928 739491935 1221590411 2964275127 3319631728 169817208 ]
id[677645228 68744988 2719192928 739491935 1221590411 2964275127 3319631728 169817208 ]
# 1082362a02:26f0:c6:2b3::/72
id[1358343854 1977222925 3081165615 3486845408 541669977 459616130 1740861247 83042393 ]
id[1358343854 1977222925 3081165615 3486845408 541669977 459616130 1740861247 83042393 ]
# 1082332a02:26f0:c6:2b0::/72
id[674457620 2371863735 2386372959 2171533479 1482275181 986136658 336628303 2631249682 ]
id[674457620 2371863735 2386372959 2171533479 1482275181 986136658 336628303 2631249682 ]
# 1082472a02:26f0:e2:281::/72
id[1415003458 2418496802 1160047262 2019508246 1322259294 2778377356 1059488794 1583410514 ]
id[1415003458 2418496802 1160047262 2019508246 1322259294 2778377356 1059488794 1583410514 ]
# 1082772a02:26f0:eb:198::/72
id[1819613890 2785135679 585096668 1546661661 3286516265 82460988 4013419014 3963771683 ]
id[1819613890 2785135679 585096668 1546661661 3286516265 82460988 4013419014 3963771683 ]
# 1082692a02:26f0:eb:190::/72
id[2659890812 4281994268 1339354583 3974745545 569858853 1916842248 2353594489 3527686896 ]
id[2659890812 4281994268 1339354583 3974745545 569858853 1916842248 2353594489 3527686896 ]
# 1082442a02:26f0:c6:2bd::/72
id[2284913843 889136851 3869068267 3681455992 223712463 75944280 2726310191 1772572872 ]
id[2284913843 889136851 3869068267 3681455992 223712463 75944280 2726310191 1772572872 ]
# 1082742a02:26f0:eb:195::/72
id[729526207 108613413 4245486118 4207703019 3533605113 1310823578 3090390467 2991453292 ]
id[729526207 108613413 4245486118 4207703019 3533605113 1310823578 3090390467 2991453292 ]
# 1082842a02:26f0:eb:19f::/72
id[2438990700 1349896468 4228010588 3238942827 1669075278 3633067612 2450918825 3941153253 ]
id[2438990700 1349896468 4228010588 3238942827 1669075278 3633067612 2450918825 3941153253 ]
# 1082732a02:26f0:eb:194::/72
id[362057094 1569437011 1815778118 2890925985 2633847062 1066666798 3919703570 4115743713 ]
id[362057094 1569437011 1815778118 2890925985 2633847062 1066666798 3919703570 4115743713 ]
# 1082782a02:26f0:eb:199::/72
id[1559126752 3497049579 4127536769 293094389 2768775558 2645223875 1922259222 3931436311 ]
id[1559126752 3497049579 4127536769 293094389 2768775558 2645223875 1922259222 3931436311 ]
# 1082342a02:26f0:c6:2b1::/72
id[2092889853 1350524461 2787463886 338236601 231892929 596506890 1532365862 1944158451 ]
id[2092889853 1350524461 2787463886 338236601 231892929 596506890 1532365862 1944158451 ]
# 1082572a02:26f0:eb:184::/72
id[2608560879 2282443572 2036696715 1548149277 3020248137 718114568 401036551 2654006626 ]
id[2608560879 2282443572 2036696715 1548149277 3020248137 718114568 401036551 2654006626 ]
# 1082612a02:26f0:eb:188::/72
id[3530065222 3727428946 3797503538 3597016251 2867108861 1544905914 3689730182 3523698247 ]
id[3530065222 3727428946 3797503538 3597016251 2867108861 1544905914 3689730182 3523698247 ]
# 1082642a02:26f0:eb:18b::/72
id[3731591471 4242822310 946727663 1510526382 63550617 3937493640 1943593565 3740871885 ]
id[3731591471 4242822310 946727663 1510526382 63550617 3937493640 1943593565 3740871885 ]
# 1082382a02:26f0:c6:2b6::/72
id[1133162015 549428817 2407766757 3683252366 3782282505 3605100022 874375905 2477227457 ]
id[1133162015 549428817 2407766757 3683252366 3782282505 3605100022 874375905 2477227457 ]
# 1082412a02:26f0:c6:2b9::/72
id[3577773819 2410604701 3692938800 1166624165 3225698810 3493196173 3900199815 351621465 ]
id[3577773819 2410604701 3692938800 1166624165 3225698810 3493196173 3900199815 351621465 ]
# 1082702a02:26f0:eb:191::/72
id[2199498482 1377456330 2644402091 2757061291 425977944 1006189270 3562490752 2164573060 ]
id[2199498482 1377456330 2644402091 2757061291 425977944 1006189270 3562490752 2164573060 ]
# 1082282a02:26f0:c6:2a9::/72
id[1409164431 761970439 3214909841 3390943511 2645419849 3249108928 4204866861 761973158 ]
id[1409164431 761970439 3214909841 3390943511 2645419849 3249108928 4204866861 761973158 ]
# 1082652a02:26f0:eb:18c::/72
id[1019084701 1382746532 894499609 1999733449 3744699504 2598185866 1514230588 2763583871 ]
id[1019084701 1382746532 894499609 1999733449 3744699504 2598185866 1514230588 2763583871 ]
# 1082352a02:26f0:c6:2b2::/72
id[2387656070 4138348442 3211799122 458597100 194635093 1823536422 183642442 3166436326 ]
id[2387656070 4138348442 3211799122 458597100 194635093 1823536422 183642442 3166436326 ]
# 1082532a02:26f0:eb:180::/72
id[3313613565 2695864277 1333769830 3299865165 2502386720 1773791978 3753038999 1236940497 ]
id[3313613565 2695864277 1333769830 3299865165 2502386720 1773791978 3753038999 1236940497 ]
# 1082552a02:26f0:eb:182::/72
id[1845387597 3745390769 2724366839 15220052 1935071990 1504573784 384082841 1138110004 ]
id[1845387597 3745390769 2724366839 15220052 1935071990 1504573784 384082841 1138110004 ]
# 1082682a02:26f0:eb:18f::/72
id[1056055551 1338178265 126333851 2305330946 766319902 2481722652 4011190688 868640168 ]
id[1056055551 1338178265 126333851 2305330946 766319902 2481722652 4011190688 868640168 ]
# 1082512a02:26f0:e2:285::/72
id[3795804380 2373616078 1790158235 781450856 1448530204 3954804139 2696710597 741335404 ]
id[3795804380 2373616078 1790158235 781450856 1448530204 3954804139 2696710597 741335404 ]
# 1082832a02:26f0:eb:19e::/72
id[4069802173 1300385533 3358726258 2729766356 3196381190 1068003684 1515344925 590899785 ]
id[4069802173 1300385533 3358726258 2729766356 3196381190 1068003684 1515344925 590899785 ]
# 1082792a02:26f0:eb:19a::/72
id[1258264597 2281409194 254018370 3696225335 1895548435 138626843 3977515133 1708896963 ]
id[1258264597 2281409194 254018370 3696225335 1895548435 138626843 3977515133 1708896963 ]
# 1082292a02:26f0:c6:2ab::/72
id[151278004 2197394549 2798804543 2791301361 1911906242 4082058591 3445111518 3739500384 ]
id[151278004 2197394549 2798804543 2791301361 1911906242 4082058591 3445111518 3739500384 ]
# 1082372a02:26f0:c6:2b4::/72
id[2462154433 4272025412 445321840 3822601199 516227499 4154175453 703285005 1538933513 ]
id[2462154433 4272025412 445321840 3822601199 516227499 4154175453 703285005 1538933513 ]
# 1082632a02:26f0:eb:18a::/72
id[752632085 4262037111 2062134919 2299410489 2170267612 509830629 458891565 3842641300 ]
id[752632085 4262037111 2062134919 2299410489 2170267612 509830629 458891565 3842641300 ]
# 1082452a02:26f0:c6:2be::/72
id[1851961401 1069734596 3650186896 2928253044 1824581587 3231505121 297715732 901843928 ]
id[1851961401 1069734596 3650186896 2928253044 1824581587 3231505121 297715732 901843928 ]
# 1082422a02:26f0:c6:2ba::/72
id[1540315989 2662707808 103157992 1399652130 4162180918 3525052804 2888087963 1030726878 ]
id[1540315989 2662707808 103157992 1399652130 4162180918 3525052804 2888087963 1030726878 ]
# 1082882a02:26f0:eb:1a3::/72
id[3942391879 3342873365 61229928 1058504 1965733451 658424809 2021311965 609210477 ]
id[3942391879 3342873365 61229928 1058504 1965733451 658424809 2021311965 609210477 ]
# 1082872a02:26f0:eb:1a2::/72
id[3403412280 2095218933 3991313949 2501394431 1388961723 1061050129 465921623 2886835695 ]
id[3403412280 2095218933 3991313949 2501394431 1388961723 1061050129 465921623 2886835695 ]
# 1082752a02:26f0:eb:196::/72
id[2576254521 359384365 850046807 2583617766 1414181229 3354124061 2737854109 17898170 ]
id[2576254521 359384365 850046807 2583617766 1414181229 3354124061 2737854109 17898170 ]
# 1082312a02:26f0:c6:2ad::/72
id[693407178 647899584 2118892087 3036004940 1217879569 4127536714 1212727597 1140583614 ]
id[693407178 647899584 2118892087 3036004940 1217879569 4127536714 1212727597 1140583614 ]
# 1082622a02:26f0:eb:189::/72
id[1178449009 2530651955 3315695167 3067661341 2548140404 2404124331 1860725373 3923273821 ]
id[1178449009 2530651955 3315695167 3067661341 2548140404 2404124331 1860725373 3923273821 ]
# 1082562a02:26f0:eb:183::/72
id[1257069079 1133802636 3173427528 3287234931 2209933908 1806931667 1817542770 1019006346 ]
id[1257069079 1133802636 3173427528 3287234931 2209933908 1806931667 1817542770 1019006346 ]
# 1082672a02:26f0:eb:18e::/72
id[1032884741 44512712 916072830 3393061228 2422271455 1643429988 3773773660 1113293088 ]
id[1032884741 44512712 916072830 3393061228 2422271455 1643429988 3773773660 1113293088 ]
# 1082482a02:26f0:e2:282::/72
id[1891451621 3397371377 2483340571 942346017 2009776802 1891454056 1013459149 802657202 ]
id[1891451621 3397371377 2483340571 942346017 2009776802 1891454056 1013459149 802657202 ]
# 1083442a02:26f0:eb:3a1::/72
id[4194983683 2433046025 1813974128 1845225666 541683459 639079269 172145893 892477581 ]
id[4194983683 2433046025 1813974128 1845225666 541683459 639079269 172145893 892477581 ]
# 1083092a02:26f0:eb:1b8::/72
id[3273499280 484449830 2560433898 1199624591 2765571026 3170619249 3658706451 1591153999 ]
id[3273499280 484449830 2560433898 1199624591 2765571026 3170619249 3658706451 1591153999 ]
# 1083412a02:26f0:eb:39e::/72
id[1368763273 2259515403 161277196 3236464590 1250882416 424743982 3095371471 1490840361 ]
id[1368763273 2259515403 161277196 3236464590 1250882416 424743982 3095371471 1490840361 ]
# 1083262a02:26f0:eb:38f::/72
id[672979354 2359414499 643418347 1769950499 2751971341 1801423267 3785699532 1118135236 ]
id[672979354 2359414499 643418347 1769950499 2751971341 1801423267 3785699532 1118135236 ]
# 1083342a02:26f0:eb:397::/72
id[2955163238 3273369644 627787293 2297308962 472668197 3239749047 2408150213 2254724412 ]
id[2955163238 3273369644 627787293 2297308962 472668197 3239749047 2408150213 2254724412 ]
# 1083382a02:26f0:eb:39b::/72
id[3213178736 1059485046 1080126509 862827333 1186341859 4294192610 2746686997 1253172577 ]
id[3213178736 1059485046 1080126509 862827333 1186341859 4294192610 2746686997 1253172577 ]
# 1083272a02:26f0:eb:390::/72
id[1141093722 377694736 1003619846 3382320797 2715622836 1250255548 106000391 798987041 ]
id[1141093722 377694736 1003619846 3382320797 2715622836 1250255548 106000391 798987041 ]
# 1083142a02:26f0:eb:383::/72
id[3923248747 1312751173 4206242517 3162153529 65914791 3808762489 3037640075 1064388613 ]
id[3923248747 1312751173 4206242517 3162153529 65914791 3808762489 3037640075 1064388613 ]
# 1083002a02:26f0:eb:1af::/72
id[2461066181 1558418042 988741438 952638073 2492929996 2707074355 4160917712 1194753692 ]
id[2461066181 1558418042 988741438 952638073 2492929996 2707074355 4160917712 1194753692 ]
# 1083012a02:26f0:eb:1b0::/72
id[373577441 871880419 1788182121 607660820 3027102303 701340945 2062148898 1461083280 ]
id[373577441 871880419 1788182121 607660820 3027102303 701340945 2062148898 1461083280 ]
# 1083202a02:26f0:eb:389::/72
id[2733323421 2962125198 3296280129 1670597267 3733926755 2601928979 966414410 1590441422 ]
id[2733323421 2962125198 3296280129 1670597267 3733926755 2601928979 966414410 1590441422 ]
# 1083392a02:26f0:eb:39c::/72
id[684901614 3671443755 555494329 3316761621 3252861262 2510554121 3862481916 633081763 ]
id[684901614 3671443755 555494329 3316761621 3252861262 2510554121 3862481916 633081763 ]
# 1083072a02:26f0:eb:1b6::/72
id[874260233 1632819254 4280279583 2808504814 3182812087 1658431522 1594272736 3850675200 ]
id[874260233 1632819254 4280279583 2808504814 3182812087 1658431522 1594272736 3850675200 ]
# 1083102a02:26f0:eb:1b9::/72
id[1996732937 426224032 3820552554 1260069583 85244328 866055674 3574915900 2367835685 ]
id[1996732937 426224032 3820552554 1260069583 85244328 866055674 3574915900 2367835685 ]
# 1082922a02:26f0:eb:1a7::/72
id[558505478 3959447260 2157033333 2828106287 1526525022 2632357467 1332198561 214514846 ]
id[558505478 3959447260 2157033333 2828106287 1526525022 2632357467 1332198561 214514846 ]
# 1083422a02:26f0:eb:39f::/72
id[1025805281 3932884040 2073605101 2116624389 1105865822 2597646946 3475530815 684272365 ]
id[1025805281 3932884040 2073605101 2116624389 1105865822 2597646946 3475530815 684272365 ]
# 1083172a02:26f0:eb:386::/72
id[181711901 1969091728 3532248228 3104795609 2535958093 2461176579 3237918519 1591061893 ]
id[181711901 1969091728 3532248228 3104795609 2535958093 2461176579 3237918519 1591061893 ]
# 1083192a02:26f0:eb:388::/72
id[2131252174 3947222451 3507543401 827464701 1743988841 754102985 2004827780 501504049 ]
id[2131252174 3947222451 3507543401 827464701 1743988841 754102985 2004827780 501504049 ]
# 1083212a02:26f0:eb:38a::/72
id[4203856376 4196032824 876603314 2759193266 1664266105 156489958 2256485960 2536914432 ]
id[4203856376 4196032824 876603314 2759193266 1664266105 156489958 2256485960 2536914432 ]
# 1082892a02:26f0:eb:1a4::/72
id[1806336540 3966413519 2527586588 352791109 3762961557 959216403 558068268 4226655752 ]
id[1806336540 3966413519 2527586588 352791109 3762961557 959216403 558068268 4226655752 ]
# 1082932a02:26f0:eb:1a8::/72
id[3325237664 2531689751 4088892621 2095732121 3182207692 3492697989 947305183 3365683519 ]
id[3325237664 2531689751 4088892621 2095732121 3182207692 3492697989 947305183 3365683519 ]
# 1083402a02:26f0:eb:39d::/72
id[1002979203 867180038 4074647919 111389965 3305020093 4088376079 662995115 753815526 ]
id[1002979203 867180038 4074647919 111389965 3305020093 4088376079 662995115 753815526 ]
# 1083112a02:26f0:eb:380::/72
id[1469217459 2576628126 472046127 511921235 1973189210 2855400677 1846966904 3722575440 ]
id[1469217459 2576628126 472046127 511921235 1973189210 2855400677 1846966904 3722575440 ]
# 1082962a02:26f0:eb:1ab::/72
id[1996093549 3047084865 781931569 1432439329 314349259 260762897 3016012922 891267324 ]
id[1996093549 3047084865 781931569 1432439329 314349259 260762897 3016012922 891267324 ]
# 1083372a02:26f0:eb:39a::/72
id[1599471025 611608955 2514506570 3264873345 2282551813 3700747971 2874901685 3742198474 ]
id[1599471025 611608955 2514506570 3264873345 2282551813 3700747971 2874901685 3742198474 ]
# 1082952a02:26f0:eb:1aa::/72
id[633904964 598465666 1383081005 3520045876 988976653 3674774177 596819053 3042631748 ]
id[633904964 598465666 1383081005 3520045876 988976653 3674774177 596819053 3042631748 ]
# 1083352a02:26f0:eb:398::/72
id[3713569040 1750406371 3708676275 4217903788 3731749199 1069408278 97058532 2845086056 ]
id[3713569040 1750406371 3708676275 4217903788 3731749199 1069408278 97058532 2845086056 ]
# 1083152a02:26f0:eb:384::/72
id[3059476358 3433849899 2697167512 1501886169 4249422828 3667363360 786705023 3326112485 ]
id[3059476358 3433849899 2697167512 1501886169 4249422828 3667363360 786705023 3326112485 ]
# 1083502a02:26f0:eb:3a7::/72
id[1665619028 903304184 1291167050 3250932166 509844156 3894654134 3639844573 582893214 ]
id[1665619028 903304184 1291167050 3250932166 509844156 3894654134 3639844573 582893214 ]
# 1083452a02:26f0:eb:3a2::/72
id[4203066019 3631172845 651634714 312237390 4029923540 2922697853 1215258906 1410230704 ]
id[4203066019 3631172845 651634714 312237390 4029923540 2922697853 1215258906 1410230704 ]
# 1083282a02:26f0:eb:391::/72
id[291418352 3302515090 3474478364 1254719273 3268499542 1982190023 3106887188 1702828159 ]
id[291418352 3302515090 3474478364 1254719273 3268499542 1982190023 3106887188 1702828159 ]
# 1083052a02:26f0:eb:1b4::/72
id[59727345 1519378200 784139316 1708119198 2183883376 2987759031 69371438 1992356200 ]
id[59727345 1519378200 784139316 1708119198 2183883376 2987759031 69371438 1992356200 ]
# 1083162a02:26f0:eb:385::/72
id[4130819838 435758994 4168207720 4084550069 806499318 2289806754 864209617 109759697 ]
id[4130819838 435758994 4168207720 4084550069 806499318 2289806754 864209617 109759697 ]
# 1083292a02:26f0:eb:392::/72
id[1284419155 603627611 684782261 353964616 465496087 4036190691 3275351958 823486545 ]
id[1284419155 603627611 684782261 353964616 465496087 4036190691 3275351958 823486545 ]
# 1083322a02:26f0:eb:395::/72
id[2458802242 382492893 3015694663 28707454 2098003948 72598090 4162705672 1914633424 ]
id[2458802242 382492893 3015694663 28707454 2098003948 72598090 4162705672 1914633424 ]
# 1083432a02:26f0:eb:3a0::/72
id[222484726 27477917 200300539 1111621429 647084344 3498781598 3245037923 2938611249 ]
id[222484726 27477917 200300539 1111621429 647084344 3498781598 3245037923 2938611249 ]
# 1082982a02:26f0:eb:1ad::/72
id[3111282054 2387743620 2882911243 1786725665 3273832396 328709462 364507179 2985771520 ]
id[3111282054 2387743620 2882911243 1786725665 3273832396 328709462 364507179 2985771520 ]
# 1083882a02:26f0:f1:299::/72
id[2559711721 295858679 2799959611 704625070 3969353051 2908976874 1177057552 760371928 ]
id[2559711721 295858679 2799959611 704625070 3969353051 2908976874 1177057552 760371928 ]
# 1083822a02:26f0:f1:293::/72
id[800075640 1784820902 293802240 1325612514 4238539847 3876704540 4105905229 2586302277 ]
id[800075640 1784820902 293802240 1325612514 4238539847 3876704540 4105905229 2586302277 ]
# 1084082a02:26f0:f4:2a0::/72
id[4008163644 604535159 4282691678 2241915269 920343006 3770388546 1074859921 2568315055 ]
id[4008163644 604535159 4282691678 2241915269 920343006 3770388546 1074859921 2568315055 ]
# 1083892a02:26f0:f1:29a::/72
id[2593629456 1398747847 462118233 3829104853 2221305623 1816861061 3439551321 137057271 ]
id[2593629456 1398747847 462118233 3829104853 2221305623 1816861061 3439551321 137057271 ]
# 1083592a02:26f0:eb:3b0::/72
id[4058784896 2670983860 3022811402 1479720488 2902155839 1920469656 3813577801 2642086280 ]
id[4058784896 2670983860 3022811402 1479720488 2902155839 1920469656 3813577801 2642086280 ]
# 1084062a02:26f0:f4:298::/72
id[3603637978 384656660 1408037793 4033977617 310923440 3181547469 3695873896 77438367 ]
id[3603637978 384656660 1408037793 4033977617 310923440 3181547469 3695873896 77438367 ]
# 1083572a02:26f0:eb:3ae::/72
id[4183829493 2507058114 2483532803 180255214 2947812319 4112859815 1786937369 2580191724 ]
id[4183829493 2507058114 2483532803 180255214 2947812319 4112859815 1786937369 2580191724 ]
# 1083922a02:26f0:f1:29d::/72
id[229595326 1085719638 1660137712 674243295 3051357458 828630907 2562958054 1957166204 ]
id[229595326 1085719638 1660137712 674243295 3051357458 828630907 2562958054 1957166204 ]
# 1083952a02:26f0:f4:281::/72
id[2064259827 2135019822 3376975206 3579601686 105948523 258594122 4091565126 503529171 ]
id[2064259827 2135019822 3376975206 3579601686 105948523 258594122 4091565126 503529171 ]
# 1083652a02:26f0:f1:280::/72
id[3935200424 2653714055 3031580833 3633853858 1556860856 3237752543 3451586641 746333472 ]
id[3935200424 2653714055 3031580833 3633853858 1556860856 3237752543 3451586641 746333472 ]
# 1083712a02:26f0:f1:287::/72
id[2619371141 3730419640 360913235 971161997 1467569897 1890738880 3378522683 3510542058 ]
id[2619371141 3730419640 360913235 971161997 1467569897 1890738880 3378522683 3510542058 ]
# 1083622a02:26f0:eb:3b3::/72
id[484718164 726212202 1203816519 3016431616 3169126624 2389994729 3071971801 3688482933 ]
id[484718164 726212202 1203816519 3016431616 3169126624 2389994729 3071971801 3688482933 ]
# 1083682a02:26f0:f1:283::/72
id[2859143089 2359450907 2239851660 785543258 2410300802 3901643570 516529783 3884803557 ]
id[2859143089 2359450907 2239851660 785543258 2410300802 3901643570 516529783 3884803557 ]
# 1083732a02:26f0:f1:289::/72
id[2049745614 4211306164 162542493 678431232 1043413597 2829251682 3739437296 2697933090 ]
id[2049745614 4211306164 162542493 678431232 1043413597 2829251682 3739437296 2697933090 ]
# 1083612a02:26f0:eb:3b2::/72
id[3745490845 1526375177 3226163102 70295510 2986145195 2609783134 939735579 1247399928 ]
id[3745490845 1526375177 3226163102 70295510 2986145195 2609783134 939735579 1247399928 ]
# 1084092a02:26f0:f4:2a1::/72
id[4055038106 1074506810 1274356395 3528268992 4170238980 2293736962 2742518609 1826922320 ]
id[4055038106 1074506810 1274356395 3528268992 4170238980 2293736962 2742518609 1826922320 ]
# 1083752a02:26f0:f1:28b::/72
id[1154357799 1095898888 3131684541 3510266922 1729343802 4165865897 725593158 459438243 ]
id[1154357799 1095898888 3131684541 3510266922 1729343802 4165865897 725593158 459438243 ]
# 1083942a02:26f0:f1:29f::/72
id[3003252363 505156991 3058828314 1546233717 947870169 588798613 279888214 495480187 ]
id[3003252363 505156991 3058828314 1546233717 947870169 588798613 279888214 495480187 ]
# 1083982a02:26f0:f4:288::/72
id[2148989642 1797567365 1945629568 2163783338 4123401480 3428952831 278592050 1148906264 ]
id[2148989642 1797567365 1945629568 2163783338 4123401480 3428952831 278592050 1148906264 ]
# 1083722a02:26f0:f1:288::/72
id[2655002547 832884729 4231531789 3258648908 2475725296 1098867210 3039898271 2093154496 ]
id[2655002547 832884729 4231531789 3258648908 2475725296 1098867210 3039898271 2093154496 ]
# 1083702a02:26f0:f1:286::/72
id[2232865568 688427247 1985150885 2997003768 1034109630 2065745191 2672853185 2181331452 ]
id[2232865568 688427247 1985150885 2997003768 1034109630 2065745191 2672853185 2181331452 ]
# 1083972a02:26f0:f4:287::/72
id[3431030640 519433732 2247501473 2384402325 1242075973 81761654 685896472 1949195558 ]
id[3431030640 519433732 2247501473 2384402325 1242075973 81761654 685896472 1949195558 ]
# 1083672a02:26f0:f1:282::/72
id[433713063 3961779891 2733467274 410754100 3443981428 3347956463 1710777153 3863564821 ]
id[433713063 3961779891 2733467274 410754100 3443981428 3347956463 1710777153 3863564821 ]
# 1083772a02:26f0:f1:28e::/72
id[2288655626 1950929998 2004825478 1064171083 2732294069 739039774 2612506648 1950933280 ]
id[2288655626 1950929998 2004825478 1064171083 2732294069 739039774 2612506648 1950933280 ]
# 1083662a02:26f0:f1:281::/72
id[1341849925 603165966 3701658345 3204874176 381407587 1741936624 3584917497 3755534490 ]
id[1341849925 603165966 3701658345 3204874176 381407587 1741936624 3584917497 3755534490 ]
# 1083792a02:26f0:f1:290::/72
id[3711669036 451168776 1898777009 3607806381 3952793925 3635581897 2241374838 394884390 ]
id[3711669036 451168776 1898777009 3607806381 3952793925 3635581897 2241374838 394884390 ]
# 1083742a02:26f0:f1:28a::/72
id[616486648 2672669723 390839522 849514074 222537587 3918386925 3789234267 2329849803 ]
id[616486648 2672669723 390839522 849514074 222537587 3918386925 3789234267 2329849803 ]
# 1083902a02:26f0:f1:29b::/72
id[4283947689 2685642766 2209828466 3464672851 1410369047 2312933244 3156756772 3279073775 ]
id[4283947689 2685642766 2209828466 3464672851 1410369047 2312933244 3156756772 3279073775 ]
# 1084012a02:26f0:f4:290::/72
id[484127840 3709229900 4099992204 1234645434 966120086 818125237 2548628944 5549285 ]
id[484127840 3709229900 4099992204 1234645434 966120086 818125237 2548628944 5549285 ]
# 1083912a02:26f0:f1:29c::/72
id[1204434582 3877097655 140314807 2691591844 967351651 96302860 3768216255 3734530287 ]
id[1204434582 3877097655 140314807 2691591844 967351651 96302860 3768216255 3734530287 ]
# 1084132a02:26f0:f4:384::/72
id[3588077333 399408797 2469716204 774726957 1086456072 2839465192 2233522727 1556258815 ]
id[3588077333 399408797 2469716204 774726957 1086456072 2839465192 2233522727 1556258815 ]
# 1084032a02:26f0:f4:292::/72
id[3127404378 247438109 992978382 95998826 812639510 1699566397 2698410784 2443552466 ]
id[3127404378 247438109 992978382 95998826 812639510 1699566397 2698410784 2443552466 ]
# 1084102a02:26f0:f4:380::/72
id[2675004480 2682724111 2045528677 888494046 402099186 2914023610 3065714800 2856915010 ]
id[2675004480 2682724111 2045528677 888494046 402099186 2914023610 3065714800 2856915010 ]
# 1084122a02:26f0:f4:383::/72
id[228982136 596191309 2435396066 2253974972 1792322557 1449224839 3540777251 275194770 ]
id[228982136 596191309 2435396066 2253974972 1792322557 1449224839 3540777251 275194770 ]
# 1084162a02:26f0:f4:387::/72
id[3714624642 3625489161 3509486827 3361879212 1381881569 168752948 1671284588 3515927625 ]
id[3714624642 3625489161 3509486827 3361879212 1381881569 168752948 1671284588 3515927625 ]
# 1083632a02:26f0:eb:3b4::/72
id[4040963874 2312933390 3270379151 243512410 528109981 4223178492 1356252223 3229732995 ]
id[4040963874 2312933390 3270379151 243512410 528109981 4223178492 1356252223 3229732995 ]
# 1083852a02:26f0:f1:296::/72
id[2100286755 155852581 1143605558 578142999 2798391031 965492410 2290674011 2721850713 ]
id[2100286755 155852581 1143605558 578142999 2798391031 965492410 2290674011 2721850713 ]
# 1084112a02:26f0:f4:382::/72
id[2153614893 3409049972 2859091350 1931688503 3103514288 74877809 1764332319 1721223003 ]
id[2153614893 3409049972 2859091350 1931688503 3103514288 74877809 1764332319 1721223003 ]
# 1083812a02:26f0:f1:292::/72
id[1120692241 3573141224 2675167142 1166950700 1902443463 41671374 2159413068 760342800 ]
id[1120692241 3573141224 2675167142 1166950700 1902443463 41671374 2159413068 760342800 ]
# 1083642a02:26f0:eb:3b5::/72
id[672506730 34875008 100895391 3530633332 2509969897 1362825122 4238157697 3758273465 ]
id[672506730 34875008 100895391 3530633332 2509969897 1362825122 4238157697 3758273465 ]
# 1084222a02:26f0:f4:390::/72
id[2511814030 3030314520 4033978479 2340087349 615635247 104788004 2280351424 1200694092 ]
id[2511814030 3030314520 4033978479 2340087349 615635247 104788004 2280351424 1200694092 ]
# 1084182a02:26f0:f4:38b::/72
id[3572132607 1229565682 3479594415 987410496 3665143481 1730247439 1963078741 1948883659 ]
id[3572132607 1229565682 3479594415 987410496 3665143481 1730247439 1963078741 1948883659 ]
# 1084752600:1406:20:18b::/76
id[1228796393 3324154487 3192250418 1257681822 908787727 1350644032 1022507086 472265216 ]
id[1228796393 3324154487 3192250418 1257681822 908787727 1350644032 1022507086 472265216 ]
# 1084652600:1406:20:181::/76
id[219666686 396846376 2662145032 2342263375 1126442649 3032343863 2386583531 1647536477 ]
id[219666686 396846376 2662145032 2342263375 1126442649 3032343863 2386583531 1647536477 ]
# 1084212a02:26f0:f4:38f::/72
id[2013201425 3661223295 1237012356 1330898449 634110739 228772600 932866426 585323474 ]
id[2013201425 3661223295 1237012356 1330898449 634110739 228772600 932866426 585323474 ]
# 1084692600:1406:20:185::/76
id[2640856962 2814382554 1505193740 2800498195 2337927976 1417794896 1335342163 1038396293 ]
id[2640856962 2814382554 1505193740 2800498195 2337927976 1417794896 1335342163 1038396293 ]
# 1084712600:1406:20:187::/76
id[1845153360 324075081 2978623579 3629271445 2040111935 708444708 2997008111 3727542867 ]
id[1845153360 324075081 2978623579 3629271445 2040111935 708444708 2997008111 3727542867 ]
# 1084672600:1406:20:183::/76
id[3877700744 2417419739 808053440 12355616 4043468578 4186549454 837535912 639742234 ]
id[3877700744 2417419739 808053440 12355616 4043468578 4186549454 837535912 639742234 ]
# 1084702600:1406:20:186::/76
id[3067922849 212879172 939429806 759627880 3310711351 354185544 266401760 2533645036 ]
id[3067922849 212879172 939429806 759627880 3310711351 354185544 266401760 2533645036 ]
# 1084902600:1406:20:19a::/76
id[1259489216 384373955 343941721 3777216958 1572650897 101811542 1778245325 3775817545 ]
id[1259489216 384373955 343941721 3777216958 1572650897 101811542 1778245325 3775817545 ]
# 1085242600:1406:3c:39c::/76
id[316327881 864403388 3495069243 174648788 4031170721 1934672722 3856844738 1359252617 ]
id[316327881 864403388 3495069243 174648788 4031170721 1934672722 3856844738 1359252617 ]
# 1084842600:1406:20:194::/76
id[924114730 2249602503 2326312604 280429974 3616904003 454251077 4165669638 730259564 ]
id[924114730 2249602503 2326312604 280429974 3616904003 454251077 4165669638 730259564 ]
# 1084862600:1406:20:196::/76
id[3717235531 3225382871 492941856 413618660 72048513 2675726184 2650613877 107824701 ]
id[3717235531 3225382871 492941856 413618660 72048513 2675726184 2650613877 107824701 ]
# 1085152600:1406:3c:393::/76
id[346711339 3935858336 2241695497 3804219470 1578667312 312317566 8181900 3560199382 ]
id[346711339 3935858336 2241695497 3804219470 1578667312 312317566 8181900 3560199382 ]
# 1085102600:1406:3c:38e::/76
id[2554866495 3465296035 4253425424 4283937735 124388918 290021441 1397598699 1487195793 ]
id[2554866495 3465296035 4253425424 4283937735 124388918 290021441 1397598699 1487195793 ]
# 1084892600:1406:20:199::/76
id[3226015590 830737151 3264823965 2278693167 1603564804 1005795400 692279980 815154617 ]
id[3226015590 830737151 3264823965 2278693167 1603564804 1005795400 692279980 815154617 ]
# 1084882600:1406:20:198::/76
id[821947197 425217938 1004597532 3421877017 1545685337 3736129805 3141984683 1232942629 ]
id[821947197 425217938 1004597532 3421877017 1545685337 3736129805 3141984683 1232942629 ]
# 1085222600:1406:3c:39a::/76
id[419611658 1795653852 1077466521 754194811 1133060465 2227724226 3150606538 2761078647 ]
id[419611658 1795653852 1077466521 754194811 1133060465 2227724226 3150606538 2761078647 ]
# 1085032600:1406:3c:387::/76
id[4279266819 993565931 1567450953 3788238940 934913222 2611271960 1303270912 1327188639 ]
id[4279266819 993565931 1567450953 3788238940 934913222 2611271960 1303270912 1327188639 ]
# 1085202600:1406:3c:398::/76
id[1310844378 4061189835 683197822 2011970676 1975452559 2403248517 2721752151 2806080001 ]
id[1310844378 4061189835 683197822 2011970676 1975452559 2403248517 2721752151 2806080001 ]
# 1085292600:1406:3c:3a1::/76
id[3678320350 4008799182 867429755 748476587 1567566913 3960119691 3658561391 2639178602 ]
id[3678320350 4008799182 867429755 748476587 1567566913 3960119691 3658561391 2639178602 ]
# 1085432600:1406:3c:3af::/76
id[2845219851 1061542301 2919548131 818797065 200377274 2992315040 358509213 3650052902 ]
id[2845219851 1061542301 2919548131 818797065 200377274 2992315040 358509213 3650052902 ]
# 1085052600:1406:3c:389::/76
id[3880044762 4043124183 3217446497 2019280167 1721228737 1288683978 136214398 2968267616 ]
id[3880044762 4043124183 3217446497 2019280167 1721228737 1288683978 136214398 2968267616 ]
# 1085002600:1406:3c:384::/76
id[728068675 3101791042 947232158 2323672363 2255482019 80514425 44545056 1116643671 ]
id[728068675 3101791042 947232158 2323672363 2255482019 80514425 44545056 1116643671 ]
# 1085252600:1406:3c:39d::/76
id[729345642 1311745630 1207721035 4283098593 496223859 2832055587 1120811491 2099137485 ]
id[729345642 1311745630 1207721035 4283098593 496223859 2832055587 1120811491 2099137485 ]
# 1085022600:1406:3c:386::/76
id[3518139113 2300178169 2234494639 2102918320 1940826219 1176485362 3439470356 2768747469 ]
id[3518139113 2300178169 2234494639 2102918320 1940826219 1176485362 3439470356 2768747469 ]
# 1085312600:1406:3c:3a3::/76
id[873161761 2824028971 956279771 485382147 147308018 883591808 2038285328 2272057223 ]
id[873161761 2824028971 956279771 485382147 147308018 883591808 2038285328 2272057223 ]
# 1085082600:1406:3c:38c::/76
id[1475233357 429558434 2179453665 2596212162 112356511 229768557 4264463997 94126072 ]
id[1475233357 429558434 2179453665 2596212162 112356511 229768557 4264463997 94126072 ]
# 1084812600:1406:20:191::/76
id[1280571341 2711868194 1958677330 2423874025 3939053661 55904475 777880225 1788830295 ]
id[1280571341 2711868194 1958677330 2423874025 3939053661 55904475 777880225 1788830295 ]
# 1085092600:1406:3c:38d::/76
id[3252938300 4074214170 3533486898 380738556 2080574167 152935105 1538033639 3081809459 ]
id[3252938300 4074214170 3533486898 380738556 2080574167 152935105 1538033639 3081809459 ]
# 1085162600:1406:3c:394::/76
id[3099296563 1667890371 2493883866 2324852535 2259203606 1697945393 2793746657 3569209483 ]
id[3099296563 1667890371 2493883866 2324852535 2259203606 1697945393 2793746657 3569209483 ]
# 1085402600:1406:3c:3ac::/76
id[31437826 3037008530 2671227505 768608467 1835727258 1751508022 3398279858 1859186356 ]
id[31437826 3037008530 2671227505 768608467 1835727258 1751508022 3398279858 1859186356 ]
# 1085332600:1406:3c:3a5::/76
id[3675155677 976830070 1728066605 50402037 4232047220 3282050800 2012778 1872705170 ]
id[3675155677 976830070 1728066605 50402037 4232047220 3282050800 2012778 1872705170 ]
# 1084972600:1406:3c:381::/76
id[448675326 376351435 1286990245 2843060328 189427751 1237668624 1292897204 2213935825 ]
id[448675326 376351435 1286990245 2843060328 189427751 1237668624 1292897204 2213935825 ]
# 1085892600:1406:e800:3a7::/76
id[2720184581 4200242032 606457456 378332731 566231778 2681168501 897224881 371002776 ]
id[2720184581 4200242032 606457456 378332731 566231778 2681168501 897224881 371002776 ]
# 1085922600:1406:e800:3aa::/76
id[4286463701 2266034717 2047280553 3208089914 102218365 1774768676 3819266347 3362211614 ]
id[4286463701 2266034717 2047280553 3208089914 102218365 1774768676 3819266347 3362211614 ]
# 1085512600:1406:e800:29f::/76
id[418939409 1612302298 380714227 1139386017 3525386357 470577402 4138131965 1066276467 ]
id[418939409 1612302298 380714227 1139386017 3525386357 470577402 4138131965 1066276467 ]
# 1085862600:1406:e800:3a4::/76
id[2754213741 4095098134 1203740635 236449100 4142379356 3721891845 2246485401 3731122805 ]
id[2754213741 4095098134 1203740635 236449100 4142379356 3721891845 2246485401 3731122805 ]
# 1085902600:1406:e800:3a8::/76
id[1395601653 421917006 3516786436 2229293848 478807638 1833277858 1662325144 2392123219 ]
id[1395601653 421917006 3516786436 2229293848 478807638 1833277858 1662325144 2392123219 ]
# 1086062600:1409:6800:194::/76
id[42673193 1750380648 3563673450 685272388 555943713 3969626819 203716085 3317312157 ]
id[42673193 1750380648 3563673450 685272388 555943713 3969626819 203716085 3317312157 ]
# 1085642600:1406:e800:38c::/76
id[988753053 4169616148 383098366 3099274374 1413483081 3393812486 2093723069 1113501650 ]
id[988753053 4169616148 383098366 3099274374 1413483081 3393812486 2093723069 1113501650 ]
# 1086012600:1409:6800:188::/76
id[4219830323 1598431944 2743341191 446008762 3465185134 3869086895 4236491923 4194977289 ]
id[4219830323 1598431944 2743341191 446008762 3465185134 3869086895 4236491923 4194977289 ]
# 1085842600:1406:e800:3a2::/76
id[1337095156 450199018 3299994451 1841542792 1333942954 1351273224 3393281447 3767986734 ]
id[1337095156 450199018 3299994451 1841542792 1333942954 1351273224 3393281447 3767986734 ]
# 1085502600:1406:e800:291::/76
id[3282962354 2869590593 3948279916 2971419166 3343289710 408022923 3729127452 3438725487 ]
id[3282962354 2869590593 3948279916 2971419166 3343289710 408022923 3729127452 3438725487 ]
# 1085992600:1409:6800:184::/76
id[361247737 1958805854 287255383 4128531045 1074711785 199778586 1870084392 3199081083 ]
id[361247737 1958805854 287255383 4128531045 1074711785 199778586 1870084392 3199081083 ]
# 1086052600:1409:6800:193::/76
id[3457100773 696075239 2979429515 1291707975 4245209704 260994412 2217954688 1534194227 ]
id[3457100773 696075239 2979429515 1291707975 4245209704 260994412 2217954688 1534194227 ]
# 1085672600:1406:e800:38f::/76
id[2528846728 572519442 648844353 556181884 93918144 2756301701 2463888409 2502511473 ]
id[2528846728 572519442 648844353 556181884 93918144 2756301701 2463888409 2502511473 ]
# 1085612600:1406:e800:388::/76
id[2515119824 3075110633 3928319781 1167294094 3307458136 745289702 1411864113 3865042799 ]
id[2515119824 3075110633 3928319781 1167294094 3307458136 745289702 1411864113 3865042799 ]
# 1085722600:1406:e800:395::/76
id[4076757420 348138182 2530254170 2321483913 402628871 2045100002 1112153528 2896714392 ]
id[4076757420 348138182 2530254170 2321483913 402628871 2045100002 1112153528 2896714392 ]
# 1085632600:1406:e800:38b::/76
id[4089815884 2037828425 414768501 80417315 4069459455 429802742 3555409863 3892625414 ]
id[4089815884 2037828425 414768501 80417315 4069459455 429802742 3555409863 3892625414 ]
# 1085752600:1406:e800:398::/76
id[1103500623 2162834808 3416524526 3568132497 707848847 2491677341 3288441205 2752463086 ]
id[1103500623 2162834808 3416524526 3568132497 707848847 2491677341 3288441205 2752463086 ]
# 1085492600:1406:40:385::/76
id[2702122945 1744524063 333562819 3133266555 282202603 697837535 3793054691 2933631473 ]
id[2702122945 1744524063 333562819 3133266555 282202603 697837535 3793054691 2933631473 ]
# 1085792600:1406:e800:39d::/76
id[974601449 4051641150 1547977004 1355052481 1905843530 1484214587 1964329563 3304254331 ]
id[974601449 4051641150 1547977004 1355052481 1905843530 1484214587 1964329563 3304254331 ]
# 1086022600:1409:6800:189::/76
id[2295579894 1196012503 1505586757 2484283699 1430345989 4260085717 2855400850 1520615506 ]
id[2295579894 1196012503 1505586757 2484283699 1430345989 4260085717 2855400850 1520615506 ]
# 1085942600:1406:e800:3ac::/76
id[499759032 1060718989 214862850 1613862853 2568996033 821332881 3386778714 1472180797 ]
id[499759032 1060718989 214862850 1613862853 2568996033 821332881 3386778714 1472180797 ]
# 1086592600:1409:d000:5a6::/76
id[3221965882 1948756628 2685390551 3626082118 830476823 4255673178 619783123 777679628 ]
id[3221965882 1948756628 2685390551 3626082118 830476823 4255673178 619783123 777679628 ]
# 1086392600:1409:d000:590::/76
id[3181380658 303170477 1143300884 2941759358 1744891379 1007072282 1056061524 364201170 ]
id[3181380658 303170477 1143300884 2941759358 1744891379 1007072282 1056061524 364201170 ]
# 1086182600:1409:6800:1a8::/76
id[33766313 917679081 3972906236 4125735232 64222583 4126040075 1012961247 3245763282 ]
id[33766313 917679081 3972906236 4125735232 64222583 4126040075 1012961247 3245763282 ]
# 1086152600:1409:6800:1a4::/76
id[1320810680 782447389 3892791275 2697619650 3458136279 4293116978 1896948909 2015556785 ]
id[1320810680 782447389 3892791275 2697619650 3458136279 4293116978 1896948909 2015556785 ]
# 1086492600:1409:d000:59c::/76
id[3298398649 3703016284 2465381158 3491113298 4053229645 861506765 1248198968 772021430 ]
id[3298398649 3703016284 2465381158 3491113298 4053229645 861506765 1248198968 772021430 ]
# 1086102600:1409:6800:19f::/76
id[1448035406 1973404541 3615735912 685870828 677437687 2383128261 1478756789 905420857 ]
id[1448035406 1973404541 3615735912 685870828 677437687 2383128261 1478756789 905420857 ]
# 1086442600:1409:d000:597::/76
id[1665880290 2191924494 368172753 203379479 2822954035 2185626222 321632453 1223977608 ]
id[1665880290 2191924494 368172753 203379479 2822954035 2185626222 321632453 1223977608 ]
# 1086542600:1409:d000:5a1::/76
id[2075128506 2458327299 3582626823 3363019724 368316300 2317096207 2918463310 664623026 ]
id[2075128506 2458327299 3582626823 3363019724 368316300 2317096207 2918463310 664623026 ]
# 1086382600:1409:d000:58f::/76
id[2967195933 1645234979 2799651018 1170617178 471592019 3920603577 4112388200 3928419138 ]
id[2967195933 1645234979 2799651018 1170617178 471592019 3920603577 4112388200 3928419138 ]
# 1086632600:1409:d000:5ac::/76
id[2106769206 2282799554 1355904078 1568155231 3144636210 490578134 2668239769 4242690001 ]
id[2106769206 2282799554 1355904078 1568155231 3144636210 490578134 2668239769 4242690001 ]
# 1086462600:1409:d000:599::/76
id[3116562105 1379075581 3120099958 4044865434 1619018802 3533486248 2793422754 1906556253 ]
id[3116562105 1379075581 3120099958 4044865434 1619018802 3533486248 2793422754 1906556253 ]
