# 1300832600:1409:d000:597::/80
id[1004986445 1280642086 3883524174 4172125004 2620868998 3278058808 2216674182 1571506172 ]
id[1004986445 1280642086 3883524174 4172125004 2620868998 3278058808 2216674182 1571506172 ]
# 1300892600:1409:d000:59d::/80
id[4094020238 62885188 2875100322 2888071211 4008644446 1383578266 2810231318 1901143471 ]
id[4094020238 62885188 2875100322 2888071211 4008644446 1383578266 2810231318 1901143471 ]
# 1300842600:1409:d000:598::/80
id[1404982013 454425901 2184469301 2838979336 4289795546 1637848548 1486120947 3420677987 ]
id[1404982013 454425901 2184469301 2838979336 4289795546 1637848548 1486120947 3420677987 ]
# 1300522600:1409:6800:1a2::/80
id[2653178814 1834940464 359504795 3314503259 3924045829 204627107 274797918 884786078 ]
id[2653178814 1834940464 359504795 3314503259 3924045829 204627107 274797918 884786078 ]
# 1300822600:1409:d000:596::/80
id[446940239 1586114361 1043349590 1680647629 519100157 517867886 2972911110 2513502369 ]
id[446940239 1586114361 1043349590 1680647629 519100157 517867886 2972911110 2513502369 ]
# 1300762600:1409:d000:58e::/80
id[603177567 2842616110 762893818 1844143385 1286152474 860347904 471000565 4106557111 ]
id[603177567 2842616110 762893818 1844143385 1286152474 860347904 471000565 4106557111 ]
# 1301042600:1409:d000:5ae::/80
id[3926308054 2256651754 965876874 866634297 538025043 933636831 1561180826 1346860266 ]
id[3926308054 2256651754 965876874 866634297 538025043 933636831 1561180826 1346860266 ]
# 1300982600:1409:d000:5a6::/80
id[2782572522 3771593543 2546619866 377533484 103636034 54378598 2659649313 4027068197 ]
id[2782572522 3771593543 2546619866 377533484 103636034 54378598 2659649313 4027068197 ]
# 1300532600:1409:6800:1a3::/80
id[2100478661 4155049311 952400767 1125254392 2367220472 1199674230 1385592852 1867660881 ]
id[2100478661 4155049311 952400767 1125254392 2367220472 1199674230 1385592852 1867660881 ]
# 1300812600:1409:d000:593::/80
id[4245206089 4158581794 3847946771 3353166105 3444947506 393807647 2706146975 1933097729 ]
id[4245206089 4158581794 3847946771 3353166105 3444947506 393807647 2706146975 1933097729 ]
# 1300612600:1409:6800:1b0::/80
id[4285641291 3295682864 2800605867 1015933566 349483298 2923479209 4178377028 56322436 ]
id[4285641291 3295682864 2800605867 1015933566 349483298 2923479209 4178377028 56322436 ]
# 1300492600:1409:6800:19f::/80
id[1004439977 2864196039 2635555380 1099208408 151011007 3363179175 1179727647 3125363486 ]
id[1004439977 2864196039 2635555380 1099208408 151011007 3363179175 1179727647 3125363486 ]
# 1300742600:1409:d000:58c::/80
id[3854866876 1368033632 1526691505 491507308 4246489315 4294514872 993155762 2283073267 ]
id[3854866876 1368033632 1526691505 491507308 4246489315 4294514872 993155762 2283073267 ]
# 1300912600:1409:d000:59f::/80
id[1602309338 3674770045 1335444420 3702836721 1650414617 2137011579 3197171815 1942224081 ]
id[1602309338 3674770045 1335444420 3702836721 1650414617 2137011579 3197171815 1942224081 ]
# 1300872600:1409:d000:59b::/80
id[651612744 3159108771 1052679524 3600454855 767625604 2391336671 2474752940 4045282935 ]
id[651612744 3159108771 1052679524 3600454855 767625604 2391336671 2474752940 4045282935 ]
# 1300602600:1409:6800:1af::/80
id[1303216398 1341725479 117800526 3836606680 1581253880 2840527912 2528078852 143930070 ]
id[1303216398 1341725479 117800526 3836606680 1581253880 2840527912 2528078852 143930070 ]
# 1300972600:1409:d000:5a5::/80
id[313941288 4217660506 927030816 619763064 3897255889 2358433100 567573183 1903365166 ]
id[313941288 4217660506 927030816 619763064 3897255889 2358433100 567573183 1903365166 ]
# 1300782600:1409:d000:590::/80
id[3042891674 4061621843 4260180718 3206936300 3937123177 241811057 925790531 1712404915 ]
id[3042891674 4061621843 4260180718 3206936300 3937123177 241811057 925790531 1712404915 ]
# 1300512600:1409:6800:1a1::/80
id[2156056869 377248042 2973445324 2456233877 734587016 2227074615 3768256598 1251927762 ]
id[2156056869 377248042 2973445324 2456233877 734587016 2227074615 3768256598 1251927762 ]
